cuboid > 1
0.001199,0.016322,11521.657227,1.438952,0.032730,0.434383,1.438952,0.050609,0.051242,0.000155,-0.049559,-0.033564
0.077592,0.007097,15.903481,1.195760,0.060183,0.467417,1.195760,0.001362,0.001652,0.009956,0.000894,-0.093023
0.000246,0.002731,28382.564453,0.755595,0.015636,0.220110,0.755595,0.029250,0.029533,0.000032,-0.029114,0.000000
0.006779,0.033377,4924.246094,3.240956,0.075326,0.975365,3.240956,0.086503,0.087627,0.000918,-0.082258,-0.251549
0.066889,0.059500,1571.383911,8.593553,0.220557,2.681798,8.593553,0.140680,0.143043,0.009576,-0.123506,-0.453674
cuboid > 2
0.001148,0.010408,11916.919922,1.444472,0.032782,0.436122,1.444472,0.050852,0.051557,0.000153,-0.049618,-0.026938
0.095249,0.010786,28.663040,1.576982,0.080405,0.615747,1.576982,0.006234,0.006685,0.012342,-0.002645,-0.126008
0.005022,0.025412,5383.763672,2.739478,0.066465,0.843184,2.739478,0.081599,0.082865,0.000683,-0.077404,-0.149248
0.000247,0.003096,27864.197266,0.748205,0.015710,0.219985,0.748205,0.029522,0.029851,0.000032,-0.029309,0.000000
0.045359,0.061003,1850.211670,7.095854,0.184960,2.238064,7.095854,0.135182,0.137859,0.006560,-0.119768,-0.381023
cuboid > 3
0.005063,0.033527,5296.409180,2.680576,0.068382,0.847663,2.680576,0.086980,0.088910,0.000790,-0.079476,-0.131466
0.000253,0.003335,27468.519531,0.741263,0.016019,0.221490,0.741263,0.030380,0.030821,0.000035,-0.029939,0.000000
0.123168,0.015239,53.757607,2.181883,0.121907,0.888621,2.181883,0.021636,0.022673,0.016557,-0.013324,-0.183236
0.042430,0.072545,1813.587280,6.730444,0.188037,2.190880,6.730444,0.148485,0.152648,0.006793,-0.124400,-0.401385
0.001032,0.011994,11639.173828,1.269363,0.031206,0.397500,1.269363,0.050183,0.051080,0.000151,-0.048134,-0.019314
cuboid > 4
0.131872,0.023261,59.817612,2.258932,0.140271,0.938800,2.258932,0.033871,0.035527,0.017842,-0.021951,-0.240486
0.001075,0.027844,11891.333008,1.305285,0.033341,0.420628,1.305285,0.056254,0.057844,0.000196,-0.051770,-0.136785
0.038479,0.127954,1962.452393,6.548206,0.189209,2.161138,6.548206,0.166794,0.173183,0.006861,-0.129956,-0.787932
0.004866,0.063523,5539.567871,2.682302,0.073538,0.883961,2.682302,0.102964,0.106925,0.000947,-0.087746,-0.282761
0.000261,0.005135,26110.236328,0.716238,0.016461,0.222722,0.716238,0.031867,0.032539,0.000039,-0.031091,-0.002256
cuboid > 5
0.001043,0.023382,12085.642578,1.297614,0.033266,0.415931,1.297614,0.055942,0.057436,0.000188,-0.051300,-0.076624
0.130381,0.023423,54.707199,2.096829,0.138161,0.883069,2.096829,0.032349,0.033942,0.017822,-0.019778,-0.278951
0.004913,0.070000,5524.038574,2.648391,0.073389,0.872554,2.648391,0.102158,0.105919,0.001002,-0.086359,-0.310442
0.000262,0.004789,26239.714844,0.720547,0.016386,0.221823,0.720547,0.031294,0.031862,0.000040,-0.030541,-0.002492
0.038450,0.152916,1966.537842,6.510656,0.194752,2.184150,6.510656,0.175553,0.182801,0.007248,-0.132578,-0.901806
cuboid > 6
0.000247,0.002273,27483.775391,0.732781,0.015736,0.216715,0.732781,0.029151,0.029388,0.000032,-0.028918,-0.004423
0.001021,0.010079,11668.835938,1.261887,0.030409,0.389799,1.261887,0.047592,0.048141,0.000137,-0.046414,-0.029661
0.004385,0.033754,5430.349121,2.447869,0.061536,0.766429,2.447869,0.078389,0.079967,0.000655,-0.072901,-0.139377
0.132163,0.015313,46.705345,2.126712,0.124712,0.879918,2.126712,0.016913,0.017915,0.017924,-0.008719,-0.195364
0.038540,0.072288,1899.251221,6.361876,0.171073,2.032677,6.361876,0.134698,0.138148,0.005905,-0.116340,-0.438828
cuboid > 7
0.001098,0.009315,11702.105469,1.359610,0.031232,0.408723,1.359610,0.047358,0.047614,0.000139,-0.046700,-0.021033
0.004989,0.015672,5350.427734,2.682639,0.063452,0.810786,2.682639,0.075034,0.075602,0.000649,-0.072811,-0.063387
0.000247,0.001359,28088.251953,0.748412,0.015619,0.218929,0.748412,0.028948,0.029224,0.000032,-0.028827,0.000000
0.092672,0.007723,26.660852,1.548177,0.079549,0.608244,1.548177,0.005276,0.005677,0.012019,-0.002331,-0.105836
0.049539,0.048516,1800.522949,7.604085,0.189760,2.347200,7.604085,0.130231,0.132134,0.006784,-0.119513,-0.344216
cuboid > 8
0.000247,0.001126,28229.449219,0.760142,0.015788,0.221960,0.760142,0.029397,0.029700,0.000032,-0.029220,0.000000
0.001088,0.021125,11680.327148,1.334753,0.031872,0.411415,1.334753,0.051157,0.051985,0.000155,-0.048789,-0.050946
0.080587,0.154967,1640.262695,9.500726,0.260475,3.030318,9.500726,0.176583,0.183251,0.014580,-0.127731,-1.586679
0.006673,0.037353,5092.843262,3.096146,0.078494,0.968972,3.096146,0.095781,0.098180,0.001197,-0.083874,-0.212168
0.237249,0.034749,20.282673,2.654633,0.121011,1.000615,2.654633,-0.013052,-0.011750,0.032840,0.025160,-0.538176
cuboid > 9
0.000246,0.002417,27891.962891,0.738184,0.015543,0.217435,0.738184,0.029077,0.029411,0.000032,-0.028934,0.000000
0.001100,0.009082,11887.296875,1.378972,0.032060,0.418210,1.378972,0.049759,0.050359,0.000148,-0.048446,-0.027420
0.282503,0.043666,39.079678,3.394805,0.159577,1.292604,3.394805,-0.006301,-0.004515,0.039499,0.022948,-0.581992
0.004818,0.040736,5386.792969,2.639315,0.064121,0.812861,2.639315,0.079493,0.080688,0.000661,-0.075044,-0.192148
0.042438,0.088027,1857.112183,6.637990,0.183068,2.133501,6.637990,0.141996,0.145497,0.006732,-0.119438,-0.872371
cuboid > 10
0.004122,0.032322,5564.878418,2.367177,0.061707,0.755180,2.367177,0.080901,0.082491,0.000638,-0.074171,-0.160695
0.000254,0.002829,27131.101562,0.735633,0.016106,0.222388,0.735633,0.030763,0.031302,0.000035,-0.030330,0.000000
0.001012,0.011730,11775.765625,1.257778,0.031031,0.394174,1.257778,0.049665,0.050437,0.000145,-0.047606,-0.048180
0.358215,0.054070,83.722031,4.625181,0.250281,1.857861,4.625181,0.021405,0.024709,0.051073,0.006576,-0.800377
0.035076,0.068538,1954.376953,5.984706,0.173121,1.979533,5.984706,0.146589,0.150956,0.006044,-0.120448,-0.530768
cuboid > 11
0.001013,0.023455,12147.708984,1.270522,0.033157,0.412392,1.270522,0.056282,0.057789,0.000174,-0.051781,-0.131621
0.005073,0.076687,5542.735352,2.753735,0.077231,0.912387,2.753735,0.106334,0.109925,0.001038,-0.089009,-0.569682
0.375548,0.069859,82.637222,4.698832,0.294620,1.942771,4.698832,0.049640,0.054540,0.054966,-0.008703,-0.938551
0.042385,0.146726,1933.942993,6.953280,0.211012,2.353600,6.953280,0.186673,0.193950,0.008454,-0.135783,-1.473587
0.000269,0.008424,26895.558594,0.734825,0.016637,0.231021,0.734825,0.033519,0.034676,0.000043,-0.032461,-0.004652
cuboid > 12
0.000988,0.023826,12215.453125,1.245331,0.032529,0.403014,1.245331,0.054867,0.056192,0.000170,-0.050485,-0.114003
0.040348,0.161585,1994.381592,6.904397,0.208124,2.322067,6.904397,0.186003,0.193040,0.008264,-0.134284,-1.871991
0.004826,0.075506,5644.842285,2.695934,0.075475,0.887481,2.695934,0.104038,0.107144,0.000970,-0.087230,-0.545132
0.000276,0.008317,26010.316406,0.734997,0.016980,0.231617,0.734997,0.033757,0.034772,0.000046,-0.032499,-0.014932
0.380028,0.068744,77.269615,4.682247,0.294648,1.943567,4.682247,0.046895,0.051564,0.055187,-0.005812,-0.940704
cuboid > 13
0.000249,0.002623,27317.716797,0.722940,0.015822,0.218574,0.722940,0.030198,0.030738,0.000035,-0.029790,-0.001236
0.000987,0.016774,11674.146484,1.208987,0.030593,0.382219,1.208987,0.049445,0.050287,0.000148,-0.047009,-0.055209
0.004484,0.043626,5459.541504,2.498161,0.065009,0.793932,2.498161,0.085509,0.087678,0.000730,-0.077589,-0.266373
0.373793,0.055772,69.504494,4.695209,0.256717,1.907475,4.695209,0.016113,0.019729,0.054087,0.016243,-0.814829
0.036413,0.109918,1941.284058,6.150409,0.177351,2.019479,6.150409,0.151267,0.156377,0.006510,-0.120890,-0.991399
cuboid > 14
0.000248,0.001961,27761.798828,0.742154,0.015747,0.219177,0.742154,0.029411,0.029757,0.000033,-0.029184,0.000000
0.001045,0.007321,11592.485352,1.271115,0.030550,0.390015,1.271115,0.047369,0.047858,0.000139,-0.046370,-0.044703
0.404128,0.260821,1607.977783,7.833408,0.404574,2.629210,7.833408,0.116653,0.123890,0.058669,-0.057116,-43.491600
0.006060,0.030744,5151.086426,2.844837,0.070707,0.879566,2.844837,0.084434,0.085774,0.000913,-0.078027,-0.248754
0.276345,0.040648,37.725864,3.443774,0.161335,1.319285,3.443774,-0.008893,-0.007237,0.039041,0.025191,-0.485930
cuboid > 15
0.000247,0.009059,28107.091797,0.738508,0.015440,0.222366,0.738508,0.030730,0.031504,0.000035,-0.030309,0.000000
0.001178,0.018851,11463.520508,1.398549,0.034186,0.436894,1.398549,0.054994,0.056077,0.000177,-0.051754,-0.070341
1.567088,0.524933,1493.113525,12.074455,0.712167,5.403975,12.074455,0.037030,0.072376,0.253252,0.144393,-123.385109
0.006583,0.061736,5049.041016,2.936854,0.080039,0.950141,2.936854,0.102295,0.105923,0.001232,-0.087676,-0.292240
0.299581,0.051238,26.630152,3.271195,0.142168,1.207913,3.271195,-0.015678,-0.013664,0.043375,0.034873,-0.726375
cuboid > 16
0.000245,0.002470,27829.337891,0.729160,0.015486,0.216193,0.729160,0.029113,0.029485,0.000032,-0.028991,-0.000519
0.001109,0.018199,11795.462891,1.368126,0.032426,0.418876,1.368126,0.050883,0.051576,0.000159,-0.048823,-0.080477
6.354601,1.201177,912.658508,12.886142,1.859567,5.478703,12.886142,-0.659330,-0.630173,0.900704,0.925065,-297.389679
0.006812,0.037765,4763.282715,2.943419,0.075869,0.926167,2.943419,0.089941,0.091654,0.001056,-0.081839,-0.261243
0.321581,0.058484,53.774937,3.692945,0.160432,1.366889,3.692945,-0.010167,-0.007844,0.046458,0.031440,-0.648309
cuboid > 17
0.004024,0.028921,5615.954590,2.314292,0.061180,0.740710,2.314292,0.080433,0.081995,0.000631,-0.073790,-0.158813
0.001016,0.013156,11890.941406,1.261762,0.031268,0.396791,1.261762,0.050367,0.051316,0.000150,-0.048097,-0.026940
0.386731,0.064310,68.077156,4.378393,0.218195,1.694727,4.378393,0.002687,0.005772,0.055466,0.024307,-0.906768
0.000253,0.003505,26617.015625,0.717835,0.015942,0.218536,0.717835,0.030378,0.030904,0.000035,-0.029968,-0.005785
0.030714,0.073806,2057.785645,5.559346,0.161217,1.833277,5.559346,0.141072,0.145045,0.005338,-0.116026,-0.659629
cuboid > 18
0.001072,0.022450,11881.823242,1.268947,0.033943,0.415268,1.268947,0.056591,0.057970,0.000187,-0.051963,-0.103122
4.170060,0.909033,1041.351807,33.806839,1.470316,11.301607,33.806839,-0.366770,-0.338710,0.598078,0.580327,-139.964920
0.007758,0.068734,4718.943848,3.047423,0.088813,1.021680,3.047423,0.110493,0.113607,0.001487,-0.092685,-0.533129
0.351425,0.073957,100.048660,4.286372,0.245086,1.720235,4.286372,0.033212,0.037297,0.051778,0.001561,-0.751926
0.000263,0.005423,25932.527344,0.707563,0.016455,0.221897,0.707563,0.031980,0.032731,0.000039,-0.031210,-0.001758
cuboid > 19
0.391765,0.075033,76.759033,4.706944,0.256116,1.862144,4.706944,0.026332,0.030569,0.057221,0.009671,-1.066698
0.000913,0.020210,12526.380859,1.184020,0.031125,0.383952,1.184020,0.052494,0.053670,0.000153,-0.048786,-0.092553
0.000262,0.003986,25807.910156,0.711287,0.016436,0.221795,0.711287,0.031554,0.032202,0.000038,-0.030853,-0.006084
0.004019,0.059352,5971.990723,2.381158,0.066670,0.788219,2.381158,0.092893,0.095578,0.000750,-0.080682,-0.303069
0.032600,0.116557,2144.000244,6.062287,0.180669,2.037264,6.062287,0.165689,0.171596,0.006231,-0.127771,-1.018051
cuboid > 20
0.004102,0.040287,5573.490723,2.354323,0.061449,0.750786,2.354323,0.081260,0.083152,0.000628,-0.074907,-0.168496
0.033654,0.102290,2019.258301,5.858904,0.168557,1.926725,5.858904,0.145938,0.150934,0.005988,-0.118012,-0.790055
0.374961,0.061326,63.381756,4.529172,0.218348,1.750650,4.529172,0.001463,0.004656,0.053831,0.026009,-0.904660
0.000963,0.014804,11895.744141,1.210769,0.029899,0.380562,1.210769,0.048441,0.049284,0.000134,-0.046807,-0.030158
0.000266,0.008152,27247.808594,0.736020,0.016076,0.223952,0.736020,0.031258,0.032086,0.000043,-0.030618,0.000000
cuboid > 21
0.000247,0.002152,28364.156250,0.746562,0.015715,0.220359,0.746562,0.029612,0.030026,0.000034,-0.029343,0.000000
0.001017,0.016426,11799.892578,1.279432,0.030673,0.393574,1.279432,0.048402,0.048966,0.000136,-0.046867,-0.070305
0.055732,0.127976,1814.309570,7.865783,0.217864,2.511010,7.865783,0.162438,0.167240,0.010278,-0.123838,-1.342269
0.005040,0.039186,5331.074707,2.707711,0.066906,0.836512,2.707711,0.083467,0.084900,0.000739,-0.077461,-0.168822
0.292537,0.049233,32.057945,3.312269,0.149208,1.243292,3.312269,-0.011335,-0.009281,0.042300,0.030945,-0.722181
cuboid > 22
0.006010,0.062681,5121.011719,2.948882,0.078498,0.939687,2.948882,0.103014,0.106761,0.001078,-0.088880,-0.303196
0.000253,0.001626,28110.880859,0.763857,0.016137,0.224885,0.763857,0.030195,0.030529,0.000034,-0.029845,0.000000
0.100578,0.216089,1641.567993,11.366920,0.326724,3.732002,11.366920,0.231234,0.245063,0.022888,-0.136221,-1.518918
0.199340,0.060511,25.833872,2.716052,0.123355,1.019800,2.716052,0.003923,0.006968,0.033127,0.022885,-0.876841
0.001089,0.018146,11488.240234,1.337649,0.032670,0.414277,1.337649,0.052437,0.053373,0.000159,-0.049837,-0.048931
cuboid > 23
0.001138,0.021078,11893.151367,1.385874,0.033492,0.433096,1.385874,0.054207,0.055527,0.000191,-0.051019,-0.060214
0.005399,0.050223,5421.006348,2.874627,0.075263,0.916404,2.874627,0.099423,0.102711,0.000998,-0.085981,-0.300391
0.066631,0.181793,1814.466309,9.290966,0.272663,3.073448,9.290966,0.220350,0.233247,0.015489,-0.140255,-1.492456
0.000243,0.002301,27545.416016,0.721781,0.015469,0.214584,0.721781,0.029002,0.029350,0.000031,-0.028926,0.000000
0.203805,0.059879,27.369629,2.711947,0.126377,1.022191,2.711947,0.004741,0.007838,0.033349,0.022537,-0.959059
cuboid > 24
0.000244,0.003881,26374.775391,0.682811,0.015377,0.209878,0.682811,0.029378,0.029896,0.000033,-0.029150,0.000000
0.001056,0.018331,11838.967773,1.203924,0.031310,0.388397,1.203924,0.051369,0.052733,0.000192,-0.048208,-0.027136
1.491993,0.262750,1630.036621,12.285570,0.722898,4.876303,12.285570,-0.013945,0.002658,0.285120,0.191464,-117.560738
0.005938,0.041762,5277.333008,2.674770,0.075362,0.879060,2.674770,0.097621,0.101178,0.001309,-0.083083,-0.153281
0.194336,0.060455,37.760185,2.734464,0.132500,1.044493,2.734464,0.011491,0.014646,0.032544,0.017435,-0.894389
cuboid > 25
0.000860,0.016335,12440.842773,1.089025,0.029077,0.355830,1.089025,0.048989,0.050051,0.000136,-0.046255,-0.026590
0.200399,0.063775,45.889122,2.847589,0.142334,1.091007,2.847589,0.018754,0.022123,0.033230,0.010764,-0.904665
0.003981,0.049703,5749.929688,2.273786,0.064493,0.758734,2.273786,0.089899,0.092901,0.000754,-0.078827,-0.185984
0.000261,0.006317,25471.656250,0.702757,0.016313,0.220460,0.702757,0.031645,0.032334,0.000038,-0.030987,-0.002396
0.034595,0.118029,2083.537598,6.121074,0.185231,2.072743,6.121074,0.169456,0.177529,0.007200,-0.126571,-0.965325
cuboid > 26
0.000806,0.015654,13150.816406,1.096707,0.028932,0.359078,1.096707,0.049735,0.050944,0.000130,-0.046832,-0.042661
0.036435,0.101140,2154.348389,6.578354,0.190352,2.185500,6.578354,0.171991,0.179756,0.007347,-0.129722,-0.667747
0.003724,0.042501,6226.646973,2.309945,0.063066,0.758878,2.309945,0.088636,0.091396,0.000695,-0.077698,-0.162875
0.000262,0.006201,25884.382812,0.706545,0.016212,0.220779,0.706545,0.031513,0.032283,0.000039,-0.030862,-0.013541
0.190123,0.060155,47.806755,2.768702,0.138119,1.060279,2.768702,0.019670,0.023019,0.031187,0.008206,-0.888613
cuboid > 27
0.000251,0.004639,26792.314453,0.718728,0.015800,0.218753,0.718728,0.030486,0.031075,0.000035,-0.030118,0.000000
0.001052,0.013214,11919.077148,1.279240,0.031814,0.403110,1.279240,0.051379,0.052384,0.000153,-0.049143,-0.024412
1.365987,0.385453,1668.134399,13.164561,0.643505,5.269331,13.164561,0.028089,0.045603,0.211792,0.105771,-77.955498
0.006552,0.042083,5212.136719,2.935939,0.076939,0.937405,2.935939,0.096039,0.098872,0.001133,-0.085592,-0.162102
0.177307,0.050556,36.668633,2.493804,0.118993,0.950053,2.493804,0.009452,0.012220,0.028803,0.014188,-0.799002
cuboid > 28
0.000250,0.003275,27516.583984,0.742290,0.015715,0.220290,0.742290,0.029699,0.030106,0.000033,-0.029468,0.000000
0.001177,0.017335,11712.616211,1.415817,0.034829,0.441301,1.415817,0.056321,0.057643,0.000194,-0.052627,-0.024494
0.063500,0.156298,1798.606079,9.093390,0.262940,2.999623,9.093390,0.210416,0.221575,0.014520,-0.139219,-1.174385
0.006643,0.060028,5246.151367,3.239577,0.083914,1.026816,3.239577,0.106860,0.111021,0.001397,-0.090256,-0.240979
0.158137,0.047856,21.411089,2.170578,0.102470,0.822880,2.170578,0.004742,0.007181,0.025903,0.016766,-0.793097
cuboid > 29
0.000249,0.001674,27220.722656,0.739218,0.015770,0.219418,0.739218,0.029516,0.029889,0.000033,-0.029368,0.000000
0.001141,0.021046,11841.590820,1.438818,0.033365,0.440740,1.438818,0.053934,0.055197,0.000168,-0.051314,-0.053880
0.061926,0.027676,18.055897,1.202639,0.058761,0.459407,1.202639,0.010897,0.012365,0.009864,-0.000669,-0.330630
0.006757,0.081156,5217.509766,3.281029,0.085375,1.048052,3.281029,0.113411,0.118595,0.001452,-0.092840,-0.381090
0.087133,0.204121,1654.362305,10.880526,0.299933,3.513816,10.880526,0.219748,0.233333,0.017745,-0.145120,-1.017658
cuboid > 30
0.001254,0.030210,11566.055664,1.481381,0.034754,0.455912,1.481381,0.055883,0.057249,0.000186,-0.052912,-0.093678
0.087256,0.176132,1617.275269,10.693861,0.289770,3.440234,10.693861,0.204661,0.216316,0.016817,-0.140480,-0.973953
0.006195,0.059593,5179.551270,3.118204,0.078091,0.980586,3.118204,0.101232,0.105269,0.001100,-0.089253,-0.287606
0.058682,0.026833,17.892307,1.144866,0.058550,0.443448,1.144866,0.011642,0.013020,0.009218,-0.001766,-0.322050
0.000272,0.003070,27611.234375,0.750330,0.015800,0.223202,0.750330,0.029997,0.030632,0.000038,-0.029792,0.000000
cuboid > 31
0.005491,0.057312,5404.881836,2.892481,0.074519,0.917593,2.892481,0.098395,0.101976,0.001063,-0.084661,-0.234584
0.001122,0.020533,11943.007812,1.382247,0.033229,0.428545,1.382247,0.053054,0.054004,0.000175,-0.050009,-0.079928
0.056723,0.027109,20.604893,1.159056,0.058902,0.446098,1.159056,0.012683,0.014061,0.008714,-0.003591,-0.285488
0.063871,0.155277,1785.260742,9.137642,0.248837,2.940741,9.137642,0.192315,0.202040,0.011764,-0.140458,-0.960668
0.000251,0.001855,26867.884766,0.719941,0.015927,0.217823,0.719941,0.029982,0.030409,0.000035,-0.029540,0.000000
cuboid > 32
0.000244,0.002449,29374.839844,0.754069,0.015560,0.222521,0.754069,0.029849,0.030444,0.000034,-0.029529,0.000000
0.000550,0.011101,15667.858398,0.867098,0.022674,0.281573,0.867098,0.039419,0.040101,0.000088,-0.037926,-0.034636
0.055918,0.029125,27.920940,1.206298,0.059880,0.457784,1.206298,0.014994,0.016441,0.008569,-0.005768,-0.338001
0.002636,0.036987,7144.589844,1.823937,0.049442,0.597737,1.823937,0.071713,0.073924,0.000453,-0.065421,-0.103066
0.033841,0.129424,2392.319580,6.349745,0.177700,2.082837,6.349745,0.161996,0.170265,0.006681,-0.124319,-0.770446
cuboid > 33
0.000254,0.003967,26586.687500,0.720335,0.015987,0.219459,0.720335,0.030401,0.030949,0.000035,-0.029981,-0.008629
0.000685,0.011901,13693.773438,0.982704,0.025734,0.321309,0.982704,0.044169,0.045124,0.000104,-0.042342,-0.018463
0.052268,0.025455,26.423315,1.144969,0.057429,0.436427,1.144969,0.015057,0.016390,0.008064,-0.006346,-0.314329
0.002994,0.033396,6423.483398,1.943459,0.052451,0.635564,1.943459,0.073664,0.075671,0.000493,-0.067730,-0.093354
0.040074,0.131050,2104.285400,7.013325,0.196526,2.300208,7.013325,0.173117,0.181827,0.007739,-0.131643,-0.736546
cuboid > 34
0.000968,0.016275,12162.699219,1.202679,0.030169,0.380756,1.202679,0.049527,0.050774,0.000146,-0.047299,-0.086278
0.000246,0.002345,27242.531250,0.717819,0.015540,0.214950,0.717819,0.029263,0.029669,0.000032,-0.029116,0.000000
0.065444,0.181148,1739.465820,9.281136,0.260772,3.035268,9.281136,0.207909,0.220832,0.013621,-0.142605,-1.089925
0.005892,0.055787,5318.218262,2.880853,0.076692,0.935088,2.880853,0.100218,0.104657,0.001265,-0.085221,-0.237054
0.049446,0.025138,19.272406,1.030928,0.050812,0.392226,1.030928,0.011355,0.012614,0.007679,-0.003144,-0.311158
cuboid > 35
0.000246,0.004982,27706.287109,0.731059,0.015429,0.219288,0.731059,0.030162,0.030915,0.000033,-0.030030,0.000000
0.001126,0.012950,11891.817383,1.412677,0.033495,0.435517,1.412677,0.053805,0.054949,0.000176,-0.050843,-0.028695
0.042896,0.022651,14.157638,0.899858,0.045478,0.345733,0.899858,0.010017,0.011171,0.006628,-0.002673,-0.267641
0.006615,0.075126,5109.943848,3.252424,0.081929,1.024040,3.252424,0.104911,0.109140,0.001200,-0.091049,-0.237974
0.096992,0.293932,1570.478394,11.692260,0.330369,3.844931,11.692260,0.246240,0.265052,0.021075,-0.151165,-2.338394
