cuboid > 1
0.001310,0.018660,11251.380859,1.579175,0.034685,0.476172,1.579175,0.054364,0.055335,0.000174,-0.053320,0.000000
0.097776,0.014222,14.020971,1.385059,0.064573,0.524134,1.385059,-0.003291,-0.002829,0.012681,0.006018,-0.152706
0.000244,0.007113,28590.394531,0.770766,0.015242,0.222581,0.770766,0.029165,0.029491,0.000031,-0.029165,0.000000
0.005472,0.000706,5032.459961,2.830487,0.066597,0.848023,2.830487,0.075976,0.076186,0.000686,-0.074741,0.000000
0.044751,0.036820,1636.281616,5.826555,0.164379,1.887886,5.826555,0.113035,0.115372,0.007126,-0.103895,-0.050993
cuboid > 2
0.001246,0.003362,11994.416992,1.549058,0.034434,0.463648,1.549058,0.052790,0.053543,0.000173,-0.051381,0.000000
0.109456,0.009673,22.494875,1.686221,0.080099,0.636167,1.686221,0.000748,0.001174,0.014051,0.002108,-0.088010
0.006399,0.011573,5138.766602,3.240572,0.073884,0.966689,3.240572,0.082406,0.082732,0.000806,-0.080784,-0.157690
0.000248,0.002297,28571.939453,0.767509,0.015804,0.224508,0.767509,0.030019,0.030476,0.000032,-0.029866,0.000000
0.065609,0.030286,1719.351074,9.294499,0.222292,2.841722,9.294499,0.137674,0.140094,0.009279,-0.124784,-0.172367
cuboid > 3
0.004450,0.038430,5577.702148,2.619452,0.066674,0.825396,2.619452,0.089681,0.092035,0.000709,-0.080804,-0.075982
0.000244,0.004676,27762.619141,0.733763,0.015481,0.219028,0.733763,0.029800,0.030336,0.000033,-0.029584,0.000000
0.153818,0.014815,49.707611,2.802925,0.136806,1.097622,2.802925,0.016253,0.017566,0.021615,-0.003810,-0.186112
0.041940,0.079100,1886.491821,6.913156,0.182973,2.204868,6.913156,0.143709,0.147720,0.006468,-0.123804,-0.233673
0.001120,0.020748,12093.116211,1.430338,0.033850,0.439672,1.430338,0.054046,0.054888,0.000164,-0.051431,-0.054965
cuboid > 4
0.153534,0.025135,56.259228,2.669223,0.157443,1.104306,2.669223,0.033573,0.035642,0.021648,-0.015269,-0.224746
0.001032,0.028633,12153.444336,1.287072,0.032177,0.408151,1.287072,0.053803,0.055244,0.000167,-0.050334,-0.083340
0.055857,0.127947,1866.200439,8.578362,0.235895,2.789172,8.578362,0.191572,0.199924,0.010733,-0.139353,-1.030163
0.004524,0.042971,5626.550781,2.488730,0.068855,0.822556,2.488730,0.096168,0.099745,0.000868,-0.082989,-0.147725
0.000261,0.006545,25942.277344,0.719648,0.016467,0.220870,0.719648,0.031357,0.031856,0.000037,-0.030781,0.000000
cuboid > 5
0.001222,0.005151,12275.538086,1.507599,0.036834,0.469224,1.507599,0.058926,0.060023,0.000201,-0.054608,0.000000
0.166355,0.033176,48.207970,2.594963,0.171802,1.102146,2.594963,0.035687,0.037924,0.023536,-0.015114,-0.504588
0.006348,0.052892,5569.083984,2.978462,0.083008,0.982225,2.978462,0.110231,0.114693,0.001702,-0.088947,-0.220835
0.000272,0.002216,26368.570312,0.758410,0.017071,0.231544,0.758410,0.032394,0.032968,0.000042,-0.031411,0.000000
0.055700,0.170027,1790.489258,8.164215,0.256446,2.808137,8.164215,0.225396,0.237081,0.012311,-0.148826,-0.935235
cuboid > 6
0.000248,0.000145,26977.148438,0.722121,0.015843,0.213897,0.722121,0.028702,0.028745,0.000032,-0.028528,0.000000
0.001138,0.004856,11754.436523,1.359854,0.032304,0.413889,1.359854,0.048201,0.048313,0.000154,-0.046937,-0.024397
0.004735,0.030133,5432.642578,2.738937,0.064335,0.831149,2.738937,0.078021,0.078766,0.000626,-0.074744,-0.154101
0.189044,0.029905,46.530865,2.950774,0.170008,1.220428,2.950774,0.017839,0.019911,0.028380,0.001574,-0.363860
0.051928,0.054009,1923.688721,8.201267,0.210038,2.582420,8.201267,0.155810,0.160343,0.008967,-0.126284,-0.640243
cuboid > 7
0.001317,0.007284,11759.418945,1.593674,0.034778,0.468757,1.593674,0.050819,0.050964,0.000165,-0.050353,0.000000
0.004565,0.007752,5545.187012,2.600549,0.061364,0.788433,2.600549,0.073608,0.074048,0.000583,-0.071881,-0.018110
0.000248,0.000162,28023.851562,0.755749,0.015868,0.219236,0.755749,0.028764,0.028812,0.000032,-0.028569,0.000000
0.117161,0.008178,29.392773,2.106642,0.099898,0.798282,2.106642,0.004315,0.004837,0.015148,-0.000549,-0.132709
0.043298,0.013204,1863.576172,6.591115,0.166000,2.035149,6.591115,0.114284,0.115070,0.005471,-0.110260,-0.101834
cuboid > 8
0.000238,0.002397,29592.041016,0.733207,0.015225,0.217951,0.733207,0.029619,0.030334,0.000034,-0.029140,0.000000
0.001011,0.012893,11998.708984,1.368110,0.031251,0.421875,1.368110,0.052167,0.053420,0.000139,-0.050267,0.000000
0.055526,0.053806,1773.196167,8.322604,0.209946,2.588643,8.322604,0.148828,0.152339,0.007865,-0.128761,-0.381454
0.004838,0.014506,5100.606445,2.532117,0.061819,0.784383,2.532117,0.076527,0.077792,0.000641,-0.073759,0.000000
0.357219,0.045683,15.042531,3.587573,0.153601,1.328618,3.587573,-0.033238,-0.031146,0.049795,0.048869,-0.993278
cuboid > 9
0.000243,0.000590,28157.603516,0.741159,0.015448,0.215669,0.741159,0.028320,0.028497,0.000031,-0.028320,0.000000
0.001035,0.008025,11546.816406,1.303318,0.031162,0.401317,1.303318,0.049164,0.049884,0.000140,-0.047669,-0.022927
0.400164,0.055767,32.853817,4.377481,0.192705,1.637006,4.377481,-0.025662,-0.023356,0.055698,0.044032,-0.825687
0.004557,0.012456,5369.049805,2.425781,0.058792,0.742077,2.425781,0.070221,0.070778,0.000575,-0.068953,-0.078288
0.054660,0.074491,1760.518555,7.938387,0.204030,2.475198,7.938387,0.140380,0.143372,0.008229,-0.120903,-0.889379
cuboid > 10
0.004726,0.022817,5561.504883,2.746793,0.067235,0.855709,2.746793,0.085788,0.087494,0.000729,-0.079172,-0.156308
0.000257,0.002063,26299.490234,0.744288,0.016445,0.226367,0.744288,0.031516,0.032132,0.000036,-0.030953,0.000000
0.001039,0.011198,11580.671875,1.296570,0.031299,0.402911,1.296570,0.049753,0.050478,0.000142,-0.048120,-0.015358
0.489700,0.072049,75.325912,6.013688,0.309951,2.380732,6.013688,0.008294,0.012647,0.071469,0.030666,-1.117337
0.044046,0.068020,1832.499512,7.057060,0.189059,2.262534,7.057060,0.147186,0.152021,0.006983,-0.123719,-0.478937
cuboid > 11
0.001113,0.032799,11804.126953,1.390292,0.034239,0.439275,1.390292,0.056638,0.057973,0.000176,-0.052528,-0.195801
0.005304,0.045568,5290.515625,2.768480,0.074540,0.898043,2.768480,0.097669,0.100249,0.000939,-0.085540,-0.414483
0.505124,0.078092,68.097733,5.637053,0.350380,2.326114,5.637053,0.039569,0.045203,0.072823,0.008839,-0.974729
0.081316,0.165190,1570.337402,10.536474,0.303770,3.517676,10.536474,0.224134,0.234233,0.016858,-0.147187,-1.788119
0.000256,0.004379,27558.208984,0.734833,0.016185,0.224327,0.734833,0.031441,0.032222,0.000037,-0.030872,0.000000
cuboid > 12
0.000941,0.021844,12069.013672,1.191643,0.031132,0.387369,1.191643,0.051638,0.052630,0.000144,-0.048590,-0.059550
0.050546,0.180829,1929.100464,8.300235,0.237597,2.750531,8.300235,0.199894,0.208018,0.010299,-0.140847,-1.405821
0.004814,0.056296,5695.195312,2.789657,0.074571,0.910161,2.789657,0.101133,0.104062,0.000880,-0.087295,-0.362037
0.000270,0.001666,25063.812500,0.703431,0.017046,0.221609,0.703431,0.032147,0.032644,0.000043,-0.031007,0.000000
0.568386,0.077761,71.964272,6.281888,0.386762,2.604922,6.281888,0.040138,0.046158,0.082803,0.018835,-1.095589
cuboid > 13
0.000242,0.002201,27985.818359,0.728392,0.015426,0.216061,0.728392,0.029123,0.029530,0.000032,-0.028935,0.000000
0.000965,0.015614,11698.399414,1.211437,0.029865,0.375607,1.211437,0.047147,0.047608,0.000131,-0.045446,-0.085081
0.005680,0.041304,5121.973145,2.913924,0.072444,0.904001,2.913924,0.089599,0.091676,0.000880,-0.081909,-0.216881
0.619139,0.069802,64.366875,6.839299,0.362214,2.760892,6.839299,-0.007734,-0.002526,0.090003,0.053873,-1.184214
0.058851,0.137397,1730.116455,8.650301,0.239866,2.810883,8.650301,0.183803,0.191862,0.011440,-0.134651,-0.995794
cuboid > 14
0.000259,0.001995,27411.666016,0.761126,0.016157,0.225312,0.761126,0.030457,0.030954,0.000036,-0.030075,0.000000
0.001277,0.006302,11748.131836,1.552868,0.034620,0.460229,1.552868,0.051453,0.051776,0.000167,-0.050449,-0.013563
0.042569,0.064320,1919.648438,7.174402,0.183926,2.225503,7.174402,0.135578,0.137709,0.005985,-0.121720,-0.657480
0.004666,0.017159,5368.951660,2.623152,0.064203,0.805647,2.623152,0.079192,0.080087,0.000637,-0.075117,-0.149439
0.445298,0.043531,39.050549,4.872401,0.215158,1.823079,4.872401,-0.032992,-0.031301,0.060956,0.050236,-0.637026
cuboid > 15
0.000262,0.004619,27916.392578,0.808471,0.016547,0.239990,0.808471,0.032470,0.033288,0.000037,-0.031900,0.000000
0.001182,0.030283,12440.680664,1.559189,0.036777,0.486390,1.559189,0.062043,0.063779,0.000198,-0.056589,-0.121590
0.040742,0.078379,1968.234985,6.572773,0.183702,2.120961,6.572773,0.156205,0.161884,0.007154,-0.120891,-1.290813
0.004273,0.063553,5796.707031,2.607871,0.066706,0.826543,2.607871,0.092726,0.095670,0.000721,-0.081496,-0.338945
0.467242,0.066267,21.066614,4.521456,0.188411,1.664087,4.521456,-0.041410,-0.038437,0.067258,0.067438,-1.381033
cuboid > 16
0.000241,0.001918,28478.109375,0.728652,0.015199,0.215016,0.728652,0.028847,0.029351,0.000032,-0.028755,0.000000
0.001065,0.017521,11852.042969,1.327097,0.032240,0.410476,1.327097,0.052115,0.053129,0.000169,-0.049113,-0.078225
0.038244,0.147436,1986.581421,6.335460,0.180229,2.058504,6.335460,0.155008,0.160803,0.007667,-0.116452,-1.458631
0.004600,0.041356,5555.090332,2.603235,0.066148,0.813089,2.603235,0.085834,0.087516,0.000774,-0.076658,-0.293827
0.497079,0.077916,37.745659,4.992559,0.213049,1.853067,4.992559,-0.035447,-0.032398,0.071456,0.062744,-1.425733
cuboid > 17
0.004496,0.023053,5578.161133,2.627949,0.066510,0.829727,2.627949,0.086850,0.088804,0.000686,-0.079522,-0.144405
0.001130,0.018637,11756.721680,1.428849,0.034095,0.441431,1.428849,0.054545,0.055432,0.000165,-0.051745,-0.065109
0.583530,0.074735,72.467598,6.026041,0.300356,2.347407,6.026041,-0.014045,-0.009716,0.083320,0.051538,-1.527038
0.000253,0.003429,27167.273438,0.726886,0.016006,0.221521,0.726886,0.030948,0.031624,0.000037,-0.030343,0.000000
0.033000,0.090285,2039.819946,6.096321,0.170408,1.976446,6.096321,0.147145,0.151931,0.005646,-0.120703,-0.753687
cuboid > 18
0.001086,0.019273,12032.924805,1.371882,0.034168,0.437680,1.371882,0.056293,0.057731,0.000170,-0.052753,-0.059063
0.040702,0.115435,1963.800171,6.955425,0.203666,2.332235,6.955425,0.176675,0.182740,0.007621,-0.134524,-0.955289
0.005230,0.058819,5575.151367,2.858424,0.079174,0.942736,2.858424,0.107726,0.111363,0.001047,-0.091033,-0.182896
0.549462,0.087970,72.013168,5.865351,0.322789,2.331811,5.865351,0.012120,0.017551,0.082369,0.034634,-1.187807
0.000259,0.004301,27215.449219,0.743519,0.016276,0.228995,0.743519,0.032110,0.032969,0.000038,-0.031448,0.000000
cuboid > 19
0.572560,0.104585,75.698456,6.532902,0.337261,2.583125,6.532902,0.015082,0.021674,0.085032,0.037580,-1.185347
0.000986,0.016716,12170.733398,1.183438,0.032252,0.383653,1.183438,0.052609,0.053370,0.000192,-0.048284,-0.103313
0.000269,0.003360,25597.882812,0.704855,0.016745,0.223119,0.704855,0.032302,0.033012,0.000044,-0.031185,0.000000
0.004608,0.076838,5796.702637,2.626204,0.074413,0.878957,2.626204,0.105698,0.109903,0.000967,-0.088813,-0.365685
0.045164,0.147178,1957.319214,7.588608,0.222986,2.529654,7.588608,0.194573,0.202415,0.009112,-0.139148,-1.219071
cuboid > 20
0.004641,0.050591,5450.044922,2.628518,0.067252,0.834273,2.628518,0.088661,0.091053,0.000727,-0.080471,-0.253001
0.045269,0.154583,1902.142578,7.494199,0.209452,2.453018,7.494199,0.176665,0.185630,0.008565,-0.134541,-1.322833
0.606828,0.089755,71.836891,6.746568,0.311505,2.589352,6.746568,-0.017425,-0.012239,0.085992,0.055909,-1.240701
0.000916,0.012943,11721.739258,1.165843,0.029066,0.367064,1.165843,0.047227,0.048001,0.000129,-0.045789,-0.022478
0.000250,0.001719,26508.535156,0.720843,0.015934,0.216971,0.720843,0.029728,0.030036,0.000034,-0.029368,0.000000
cuboid > 21
0.000255,0.000821,27099.173828,0.738791,0.016323,0.220144,0.738791,0.030178,0.030423,0.000035,-0.029693,0.000000
0.001139,0.025900,11722.055664,1.416304,0.032648,0.428042,1.416304,0.050720,0.051243,0.000152,-0.049116,-0.046341
0.040651,0.084072,1881.243774,6.851575,0.183073,2.167255,6.851575,0.141923,0.144609,0.005923,-0.123608,-0.679833
0.005625,0.049535,5201.291504,2.970149,0.071360,0.907783,2.970149,0.087931,0.089431,0.000794,-0.082196,-0.136077
0.477875,0.061323,37.252186,4.584607,0.201559,1.708456,4.584607,-0.033083,-0.030589,0.067907,0.056904,-0.749487
cuboid > 22
0.004990,0.029586,5479.180176,2.798795,0.073471,0.898883,2.798795,0.099077,0.102254,0.000972,-0.084444,-0.282367
0.000255,0.002948,28725.207031,0.781568,0.016209,0.231540,0.781568,0.031219,0.031822,0.000036,-0.030660,0.000000
0.041605,0.122907,2004.511963,6.770165,0.206330,2.282182,6.770165,0.187027,0.197539,0.010249,-0.126416,-1.109362
0.236790,0.082699,36.754009,3.533261,0.161786,1.337758,3.533261,0.013482,0.018658,0.040997,0.027757,-1.516057
0.001074,0.012471,11745.752930,1.371578,0.033867,0.430788,1.371578,0.055669,0.056932,0.000170,-0.052298,-0.012313
cuboid > 23
0.001232,0.011993,12291.668945,1.589415,0.036515,0.485862,1.589415,0.058141,0.059264,0.000193,-0.054653,-0.016618
0.005355,0.047509,5515.437988,3.018894,0.075870,0.950768,3.018894,0.101860,0.105192,0.000931,-0.088863,-0.076126
0.048067,0.128431,1986.747437,8.073611,0.223182,2.616843,8.073611,0.192648,0.202488,0.010391,-0.138030,-0.691533
0.000243,0.003899,27738.740234,0.719827,0.015510,0.215604,0.719827,0.029405,0.029903,0.000032,-0.029238,0.000000
0.225301,0.090589,36.934708,3.235993,0.155716,1.246169,3.235993,0.015073,0.020442,0.039582,0.025114,-1.774404
cuboid > 24
0.000248,0.005097,27505.554688,0.721204,0.015607,0.216791,0.721204,0.029620,0.030100,0.000034,-0.029274,0.000000
0.000960,0.028407,12642.333008,1.235433,0.030783,0.389075,1.235433,0.051264,0.052283,0.000153,-0.048123,-0.070315
0.051171,0.181926,1980.691528,8.152225,0.227672,2.646748,8.152225,0.193180,0.203895,0.011293,-0.135507,-1.380961
0.004944,0.046491,5691.539062,2.531988,0.070629,0.821763,2.531988,0.094471,0.097853,0.001218,-0.079881,-0.173654
0.237955,0.077883,45.031143,3.294424,0.166888,1.294261,3.294424,0.017338,0.021902,0.040382,0.021230,-1.307109
cuboid > 25
0.000977,0.013827,12862.872070,1.250263,0.031649,0.397575,1.250263,0.052988,0.054086,0.000163,-0.049301,-0.010709
0.220765,0.093714,47.116482,3.151853,0.161768,1.230283,3.151853,0.025013,0.030384,0.038083,0.014633,-1.391708
0.004329,0.039477,5837.604004,2.425381,0.068336,0.810424,2.425381,0.095386,0.098387,0.000998,-0.081284,-0.063974
0.000272,0.003873,26021.154297,0.737132,0.017221,0.229845,0.737132,0.032839,0.033382,0.000041,-0.031852,0.000000
0.040518,0.180613,2115.846924,7.128854,0.213256,2.427574,7.128854,0.201162,0.218164,0.010411,-0.135310,-2.341272
cuboid > 26
0.000740,0.018462,13676.506836,1.058131,0.028021,0.348873,1.058131,0.049584,0.051114,0.000121,-0.046774,-0.011100
0.040094,0.151870,2226.527588,7.641211,0.209739,2.509942,7.641211,0.196715,0.209194,0.008725,-0.141845,-0.989837
0.003560,0.048227,6568.434570,2.341208,0.062501,0.765164,2.341208,0.091771,0.095125,0.000696,-0.079119,-0.130822
0.000245,0.006338,26766.595703,0.699738,0.015480,0.216129,0.699738,0.030389,0.031142,0.000034,-0.030146,0.000000
0.201555,0.073519,45.447842,3.045305,0.156830,1.195421,3.045305,0.027365,0.032791,0.034513,0.011349,-1.127630
cuboid > 27
0.000264,0.005273,26968.394531,0.737617,0.016520,0.227098,0.737617,0.032345,0.033062,0.000041,-0.031259,0.000000
0.000905,0.020894,12738.749023,1.208036,0.030281,0.386507,1.208036,0.052441,0.054172,0.000140,-0.049310,-0.028068
0.057837,0.113738,1901.337158,9.161218,0.245215,2.951175,9.161218,0.193492,0.204295,0.011683,-0.141751,-0.867969
0.005151,0.067144,5649.167480,3.022175,0.074737,0.945792,3.022175,0.100362,0.103669,0.000797,-0.089844,-0.265282
0.224553,0.066270,37.390514,2.906070,0.143650,1.122788,2.906070,0.010079,0.014156,0.035363,0.019128,-0.989427
cuboid > 28
0.000259,0.000967,27592.863281,0.768858,0.016560,0.228186,0.768858,0.030736,0.031025,0.000035,-0.030234,0.000000
0.001208,0.019601,11730.734375,1.427554,0.034730,0.442677,1.427554,0.056166,0.057478,0.000196,-0.052674,-0.011892
0.048291,0.159362,1986.405396,8.000849,0.227383,2.641534,8.000849,0.195896,0.208184,0.010789,-0.136783,-0.446730
0.005432,0.084569,5541.020996,3.050457,0.077869,0.958449,3.050457,0.105122,0.109236,0.000985,-0.090521,-0.467505
0.188632,0.070930,24.044430,2.588573,0.124605,0.992934,2.588573,0.008887,0.013022,0.031979,0.021944,-1.531014
cuboid > 29
0.000262,0.004613,27824.007812,0.804021,0.016642,0.237074,0.804021,0.031775,0.032296,0.000035,-0.031402,0.000000
0.001079,0.023323,11838.377930,1.372686,0.032779,0.427049,1.372686,0.054992,0.056606,0.000163,-0.052398,0.000000
0.063373,0.038457,30.207455,1.353676,0.073532,0.535666,1.353676,0.021164,0.023561,0.010390,-0.007263,-0.579960
0.004956,0.060554,5493.332031,2.636945,0.069726,0.850292,2.636945,0.094461,0.098140,0.001071,-0.080075,-0.198941
0.045095,0.200310,1968.649292,7.534706,0.217761,2.485391,7.534706,0.197199,0.209284,0.009644,-0.139309,-0.658545
cuboid > 30
0.001258,0.027075,11935.936523,1.559953,0.036494,0.481220,1.559953,0.059675,0.061394,0.000200,-0.055654,-0.143229
0.043939,0.180388,1946.449219,7.492959,0.206516,2.400490,7.492959,0.178275,0.186434,0.007854,-0.137129,-1.403285
0.005422,0.043914,5541.164551,3.064376,0.076743,0.957835,3.064376,0.101485,0.104470,0.000957,-0.088449,-0.138612
0.060492,0.035418,28.627993,1.277481,0.069052,0.504941,1.277481,0.019495,0.021614,0.009714,-0.007553,-0.461426
0.000285,0.003823,28175.785156,0.771132,0.017144,0.229786,0.771132,0.032093,0.032561,0.000056,-0.030736,0.000000
cuboid > 31
0.005528,0.084586,5522.658691,3.036800,0.079303,0.967727,3.036800,0.109243,0.113457,0.001116,-0.092210,-0.206113
0.001354,0.010835,12109.705078,1.640782,0.038363,0.502018,1.640782,0.060123,0.061254,0.000235,-0.056132,0.000000
0.059114,0.034330,25.131933,1.138972,0.064805,0.455464,1.138972,0.017182,0.018990,0.009001,-0.007078,-0.342159
0.049659,0.232747,1962.897827,8.352642,0.223565,2.657308,8.352642,0.188797,0.197451,0.008870,-0.142833,-1.065392
0.000252,0.001645,28248.246094,0.761098,0.015954,0.225074,0.761098,0.030156,0.030647,0.000033,-0.029959,0.000000
cuboid > 32
0.000255,0.001922,29816.367188,0.805523,0.016338,0.235428,0.805523,0.031197,0.031771,0.000036,-0.030640,0.000000
0.000581,0.013974,15880.985352,0.964391,0.024104,0.305389,0.964391,0.041506,0.042018,0.000086,-0.039678,-0.037993
0.054005,0.043962,27.688395,1.175020,0.059746,0.447327,1.175020,0.017219,0.019092,0.008349,-0.006951,-0.526995
0.003186,0.033144,6893.798340,2.092452,0.055890,0.669474,2.092452,0.078729,0.080938,0.000613,-0.069935,-0.111278
0.037418,0.189660,2206.706299,6.985691,0.204012,2.325844,6.985691,0.195299,0.208104,0.008187,-0.138621,-0.661103
cuboid > 33
0.000246,0.008047,27702.123047,0.731097,0.015660,0.218411,0.731097,0.029717,0.030247,0.000032,-0.029333,-0.069034
0.000688,0.004270,14031.613281,1.021039,0.025593,0.323960,1.021039,0.042721,0.043402,0.000095,-0.041868,0.000000
0.052972,0.033184,24.511683,1.096126,0.058640,0.425095,1.096126,0.017349,0.019181,0.008321,-0.006701,-0.421794
0.002996,0.051666,6479.608398,2.067463,0.053903,0.674077,2.067463,0.080065,0.083354,0.000495,-0.072788,-0.153649
0.043345,0.225672,2147.020996,7.657476,0.219181,2.529047,7.657476,0.201468,0.214785,0.010503,-0.139307,-2.000593
cuboid > 34
0.000832,0.017724,12290.565430,1.111194,0.028176,0.357277,1.111194,0.047757,0.048820,0.000118,-0.045868,-0.024150
0.000240,0.008462,27327.503906,0.701410,0.015151,0.212516,0.701410,0.029470,0.030071,0.000031,-0.029470,0.000000
0.051744,0.252440,1775.183960,7.845878,0.240598,2.641840,7.845878,0.218291,0.238187,0.011446,-0.148981,-1.360682
0.004984,0.078709,5205.311523,2.532571,0.068794,0.823778,2.532571,0.092761,0.096159,0.000890,-0.081200,-0.489007
0.046412,0.034511,19.867853,0.966419,0.053103,0.376407,0.966419,0.015143,0.016819,0.007438,-0.005160,-0.488767
cuboid > 35
0.000248,0.001388,28957.105469,0.758552,0.015856,0.223222,0.758552,0.029847,0.030261,0.000033,-0.029569,0.000000
0.001107,0.013969,12080.403320,1.383253,0.033025,0.422876,1.383253,0.052891,0.053782,0.000165,-0.050169,-0.025576
0.037890,0.035692,15.376167,0.871006,0.050136,0.348583,0.871006,0.016184,0.018154,0.006244,-0.006052,-0.612149
0.005390,0.096331,5208.412109,2.805686,0.074563,0.894391,2.805686,0.099136,0.103051,0.000901,-0.087461,-0.244295
0.074175,0.408512,1617.559814,10.148569,0.298739,3.412780,10.148569,0.251475,0.272172,0.015974,-0.158043,-3.901034
