cuboid > 1
0.001299,0.005734,11041.273438,1.506262,0.033574,0.448329,1.506262,0.049599,0.049869,0.000158,-0.049599,0.000000
0.030361,0.001343,18.416901,0.739383,0.039971,0.301982,0.739383,0.008845,0.008951,0.003834,-0.008046,-0.023036
0.000244,0.000000,28155.779297,0.752031,0.015625,0.216666,0.752031,0.028178,0.028178,0.000030,-0.028178,0.000000
0.007613,0.115881,5166.361816,4.018135,0.084822,1.186855,4.018135,0.101348,0.103739,0.000964,-0.097604,-0.775726
0.079569,0.033290,1571.768799,10.645032,0.253289,3.244170,10.645032,0.145965,0.147132,0.010564,-0.135548,-0.226116
cuboid > 2
0.001024,0.019126,11617.265625,1.272095,0.031092,0.396759,1.272095,0.050643,0.051695,0.000148,-0.048461,0.000000
0.038646,0.006756,29.227242,0.946174,0.054787,0.393691,0.946174,0.015260,0.015576,0.005017,-0.012589,-0.057185
0.005341,0.058700,5162.990723,2.819607,0.068737,0.876722,2.819607,0.087456,0.090076,0.000750,-0.081533,-0.130197
0.000267,0.014221,27916.138672,0.796529,0.016647,0.238138,0.796529,0.033470,0.034345,0.000042,-0.032387,0.000000
0.047255,0.110973,1751.318848,7.113196,0.193049,2.284216,7.113196,0.143930,0.147129,0.006816,-0.125865,-0.599933
cuboid > 3
0.005443,0.034270,5400.858887,2.883584,0.073725,0.919475,2.883584,0.094867,0.097212,0.000924,-0.084456,-0.043147
0.000286,0.001432,26311.039062,0.773445,0.018034,0.236474,0.773445,0.033658,0.034086,0.000050,-0.031896,0.000000
0.045801,0.006311,46.891117,0.928280,0.071533,0.426276,0.928280,0.027425,0.027983,0.006012,-0.023327,-0.093781
0.040238,0.090809,1748.706543,6.373655,0.179626,2.078258,6.373655,0.141764,0.144993,0.005820,-0.123635,-0.328148
0.001076,0.026821,11865.977539,1.343967,0.033711,0.437220,1.343967,0.059528,0.062031,0.000203,-0.054267,-0.013372
cuboid > 4
0.059593,0.014967,49.047676,1.177445,0.093564,0.539309,1.177445,0.035967,0.037069,0.008261,-0.027353,-0.139560
0.001141,0.031268,12136.756836,1.325362,0.033512,0.425630,1.325362,0.055089,0.056464,0.000240,-0.050853,-0.323507
0.037360,0.173634,1939.468628,6.409531,0.188096,2.119640,6.409531,0.165117,0.171243,0.006703,-0.127654,-1.061536
0.004278,0.034962,5481.794434,2.379422,0.064305,0.773767,2.379422,0.085455,0.087505,0.000730,-0.076683,-0.198389
0.000258,0.008584,26292.361328,0.722642,0.016247,0.223123,0.722642,0.031509,0.032161,0.000037,-0.030760,-0.018045
cuboid > 5
0.000862,0.017277,11881.985352,1.115526,0.028013,0.352574,1.115526,0.046289,0.047073,0.000117,-0.044821,-0.043462
0.058152,0.009882,45.056145,1.165145,0.079690,0.507297,1.165145,0.023793,0.024354,0.007708,-0.019320,-0.046506
0.003717,0.045409,5529.281738,2.124737,0.056829,0.681072,2.124737,0.076514,0.078052,0.000577,-0.070180,-0.200311
0.000259,0.013782,26817.333984,0.727957,0.015704,0.221637,0.727957,0.030918,0.031659,0.000037,-0.030476,0.000000
0.032091,0.067232,2062.813721,5.769436,0.156619,1.847726,5.769436,0.130648,0.133411,0.004986,-0.111557,-0.592249
cuboid > 6
0.000243,0.000404,27580.550781,0.735607,0.015558,0.214842,0.735607,0.028422,0.028542,0.000030,-0.028422,0.000000
0.001024,0.010226,11817.185547,1.266686,0.029681,0.386087,1.266686,0.045994,0.046495,0.000129,-0.045627,-0.017018
0.003666,0.005304,5473.540527,2.101718,0.052284,0.650903,2.101718,0.065015,0.065510,0.000455,-0.064453,-0.013340
0.035483,0.004252,29.165968,0.758588,0.048525,0.322503,0.758588,0.012873,0.013031,0.004438,-0.012053,-0.035166
0.029845,0.048746,2000.718628,5.389118,0.138625,1.673875,5.389118,0.107487,0.108429,0.003842,-0.102772,-0.303532
cuboid > 7
0.001166,0.000346,11852.931641,1.461765,0.032905,0.432959,1.461765,0.048784,0.048888,0.000147,-0.048187,0.000000
0.004893,0.000358,5626.931152,2.854009,0.063089,0.837249,2.854009,0.072422,0.072529,0.000606,-0.072069,0.000000
0.000240,0.000554,28464.265625,0.745797,0.015348,0.215367,0.745797,0.028178,0.028343,0.000030,-0.028178,0.000000
0.025480,0.002096,21.257715,0.612783,0.037519,0.259827,0.612783,0.010314,0.010419,0.003230,-0.009590,-0.016068
0.045370,0.033452,1862.682739,7.446586,0.176807,2.250197,7.446586,0.119464,0.120614,0.005720,-0.116189,-0.116536
cuboid > 8
0.000252,0.000000,27926.767578,0.764033,0.016136,0.221818,0.764033,0.029100,0.029100,0.000033,-0.028794,0.000000
0.001111,0.000897,11886.652344,1.385537,0.031649,0.416467,1.385537,0.047688,0.047956,0.000143,-0.047176,0.000000
0.059215,0.147661,1725.868530,8.501929,0.229970,2.659685,8.501929,0.163963,0.167842,0.009815,-0.130165,-1.914622
0.006089,0.026984,5451.659668,3.364671,0.076429,1.011346,3.364671,0.089624,0.090833,0.000920,-0.084146,-0.174748
0.154207,0.027774,27.980049,2.234396,0.110241,0.866020,2.234396,0.002702,0.003639,0.021463,0.007653,-0.337098
cuboid > 9
0.000243,0.002671,27464.582031,0.738222,0.015462,0.217206,0.738222,0.029008,0.029313,0.000030,-0.029008,0.000000
0.001016,0.007040,12541.823242,1.324175,0.030052,0.399215,1.324175,0.046824,0.047392,0.000131,-0.046126,-0.019704
0.176862,0.035898,43.391438,2.633640,0.136050,1.038453,2.633640,0.012051,0.013567,0.025116,0.001872,-0.359513
0.005259,0.067683,5207.372070,2.773210,0.066124,0.851927,2.773210,0.083133,0.084924,0.000722,-0.077317,-0.335784
0.048209,0.171335,1641.875488,6.891443,0.197381,2.232221,6.891443,0.153220,0.157867,0.007718,-0.124426,-1.572518
cuboid > 10
0.003803,0.040889,5563.583496,2.182438,0.060023,0.715894,2.182438,0.080743,0.082529,0.000616,-0.072582,-0.133867
0.000269,0.009162,27180.796875,0.766716,0.016777,0.237797,0.766716,0.034165,0.035260,0.000041,-0.033170,0.000000
0.001093,0.013081,11763.808594,1.330532,0.032762,0.416526,1.330532,0.052015,0.052846,0.000158,-0.049628,-0.040874
0.215276,0.039203,76.082024,3.046207,0.195662,1.276241,3.046207,0.037561,0.039529,0.029313,-0.021975,-0.467176
0.025866,0.055363,2042.980103,4.732870,0.144556,1.590827,4.732870,0.128022,0.130193,0.004003,-0.110459,-0.615425
cuboid > 11
0.000928,0.012354,12557.206055,1.190548,0.032019,0.393858,1.190548,0.055043,0.056590,0.000157,-0.051018,-0.016620
0.004867,0.060007,5565.826172,2.656353,0.075143,0.888412,2.656353,0.102689,0.105870,0.000979,-0.086688,-0.475116
0.254457,0.060919,78.536949,3.699146,0.263124,1.581727,3.699146,0.063408,0.067202,0.036858,-0.029847,-0.923692
0.034998,0.157838,2060.896973,6.186754,0.189740,2.097409,6.186754,0.174297,0.180209,0.007398,-0.125350,-1.911915
0.000269,0.005738,26969.523438,0.739058,0.016778,0.230969,0.739058,0.032863,0.033762,0.000042,-0.031980,0.000000
cuboid > 12
0.000806,0.017801,12048.574219,1.012388,0.028059,0.335379,1.012388,0.047495,0.048454,0.000124,-0.044655,-0.077373
0.034388,0.124732,2024.769653,6.067813,0.169961,1.951244,6.067813,0.145653,0.149360,0.005591,-0.119471,-1.648709
0.004059,0.062254,5586.239258,2.304330,0.064289,0.760138,2.304330,0.088559,0.091002,0.000701,-0.078955,-0.267389
0.000242,0.008445,26772.789062,0.686733,0.015195,0.213771,0.686733,0.030855,0.031903,0.000033,-0.030628,0.000000
0.260686,0.050618,60.770996,3.612707,0.238510,1.535890,3.612707,0.038415,0.040936,0.036139,-0.016613,-0.580295
cuboid > 13
0.000243,0.001646,26906.929688,0.714738,0.015540,0.214409,0.714738,0.029295,0.029697,0.000031,-0.029195,0.000000
0.000921,0.007690,11553.779297,1.124127,0.028951,0.357788,1.124127,0.046473,0.047150,0.000132,-0.044911,-0.015970
0.003858,0.028903,5530.754395,2.260158,0.056651,0.706185,2.260158,0.072825,0.073983,0.000522,-0.069615,-0.221289
0.195415,0.035314,48.816139,2.791349,0.154560,1.135561,2.791349,0.011573,0.012966,0.026847,0.001152,-0.569140
0.028203,0.090957,2128.340576,5.310017,0.145280,1.691501,5.310017,0.121745,0.123369,0.004094,-0.108769,-0.971906
cuboid > 14
0.000244,0.000000,26688.894531,0.712863,0.015625,0.210641,0.712863,0.028178,0.028178,0.000030,-0.028178,0.000000
0.000825,0.002561,12159.077148,1.148833,0.027817,0.356258,1.148833,0.045793,0.046557,0.000105,-0.045362,0.000000
0.068861,0.347963,1723.997070,10.035580,0.262568,3.059378,10.035580,0.194248,0.200531,0.011820,-0.140507,-4.182276
0.004901,0.010467,5477.176270,2.717791,0.068625,0.842954,2.717791,0.086874,0.088638,0.000743,-0.079467,0.000000
0.157374,0.033613,19.780987,2.131609,0.113610,0.854981,2.131609,0.001196,0.002342,0.022007,0.010109,-0.553587
cuboid > 15
0.000231,0.008471,27868.451172,0.694415,0.014439,0.206890,0.694415,0.028178,0.028684,0.000030,-0.028178,0.000000
0.001111,0.004548,11816.052734,1.359541,0.032074,0.418722,1.359541,0.050801,0.051797,0.000142,-0.050223,0.000000
0.143018,0.284164,1215.468384,13.418574,0.385748,4.315788,13.418574,0.220973,0.230303,0.030885,-0.130196,-3.306520
0.007315,0.067028,5195.881836,3.814761,0.089570,1.171228,3.814761,0.108756,0.111534,0.001194,-0.096614,-0.205207
0.297487,0.059948,18.235668,3.250738,0.158946,1.241193,3.250738,-0.014074,-0.011820,0.044455,0.037454,-1.006504
cuboid > 16
0.000237,0.007171,27815.917969,0.701107,0.014937,0.212675,0.701107,0.029404,0.030073,0.000031,-0.029302,0.000000
0.001100,0.028584,11969.825195,1.381537,0.031365,0.412926,1.381537,0.048167,0.048532,0.000137,-0.047030,-0.137631
0.071596,0.205198,1379.920532,8.207985,0.251254,2.737675,8.207985,0.178346,0.187080,0.013145,-0.127948,-2.477831
0.008213,0.056180,4793.767578,3.621906,0.084990,1.093676,3.621906,0.095594,0.097005,0.001244,-0.087126,-0.323385
0.352033,0.076284,28.451994,3.881060,0.181079,1.464560,3.881060,-0.014531,-0.011906,0.051249,0.039360,-0.839908
cuboid > 17
0.003525,0.031807,5650.102051,2.058559,0.056732,0.671200,2.058559,0.076018,0.077549,0.000544,-0.070191,-0.178959
0.001188,0.027067,11924.793945,1.395325,0.035134,0.449580,1.395325,0.059122,0.061980,0.000212,-0.054340,-0.028962
0.395165,0.079328,61.719345,4.442121,0.236782,1.749026,4.442121,0.006291,0.009604,0.058121,0.025183,-1.208679
0.000250,0.004162,25539.568359,0.693204,0.015887,0.214866,0.693204,0.030333,0.030819,0.000033,-0.030038,0.000000
0.021902,0.055585,2112.969971,4.165412,0.132559,1.421134,4.165412,0.124011,0.126683,0.003742,-0.104044,-0.679832
cuboid > 18
0.000908,0.032321,12322.739258,1.121599,0.032914,0.385268,1.121599,0.059138,0.061065,0.000178,-0.052847,-0.102239
0.033099,0.131472,2089.091553,5.890335,0.190835,2.049748,5.890335,0.180292,0.186946,0.007137,-0.129704,-1.781565
0.004251,0.063113,5713.907715,2.391683,0.072200,0.817222,2.391683,0.101369,0.104047,0.000867,-0.084983,-0.673378
0.437966,0.094080,79.778442,5.236907,0.305618,2.110723,5.236907,0.032966,0.037931,0.065976,0.013462,-1.120398
0.000261,0.007461,25297.951172,0.678035,0.016265,0.215953,0.678035,0.031506,0.032226,0.000038,-0.030768,-0.014064
cuboid > 19
0.432116,0.088226,71.595184,4.951324,0.286403,1.998167,4.951324,0.021499,0.025590,0.063046,0.015223,-1.384862
0.000854,0.018957,12251.765625,1.047300,0.029822,0.349001,1.047300,0.050434,0.051441,0.000142,-0.046532,-0.106178
0.000256,0.007285,24913.589844,0.681535,0.015951,0.215456,0.681535,0.031277,0.032136,0.000036,-0.030730,-0.019973
0.003645,0.045749,5758.714355,2.124512,0.062662,0.717217,2.124512,0.087488,0.089535,0.000597,-0.078133,-0.217350
0.028006,0.094029,2093.212402,5.162954,0.160623,1.760002,5.162954,0.148687,0.152871,0.004790,-0.121414,-0.990090
cuboid > 20
0.004209,0.026827,5527.516113,2.393859,0.061998,0.757711,2.393859,0.080922,0.082654,0.000641,-0.074957,-0.101154
0.025750,0.082163,2102.566895,4.703590,0.145355,1.572559,4.703590,0.130259,0.133744,0.004448,-0.109560,-0.702910
0.339669,0.076664,48.500717,3.905695,0.199587,1.532538,3.905695,-0.002466,0.000729,0.050537,0.031222,-1.040436
0.000939,0.009576,11858.450195,1.171503,0.029116,0.366912,1.171503,0.047084,0.047774,0.000125,-0.046021,-0.010292
0.000246,0.010844,28037.412109,0.734019,0.015417,0.222397,0.734019,0.031041,0.031991,0.000034,-0.030765,0.000000
cuboid > 21
0.000227,0.002152,31858.492188,0.742971,0.014549,0.215162,0.742971,0.028178,0.028820,0.000030,-0.028178,0.000000
0.001003,0.026422,12857.036133,1.314229,0.032115,0.403299,1.314229,0.052161,0.052841,0.000143,-0.048778,-0.166581
0.146463,0.378547,1284.371338,14.666486,0.409477,4.595098,14.666486,0.244319,0.254938,0.030722,-0.135746,-5.542398
0.006166,0.055717,5115.567871,3.093702,0.079682,0.953861,3.093702,0.098950,0.100813,0.001002,-0.086751,-0.529975
0.286884,0.059769,15.777163,2.952554,0.152008,1.160967,2.952554,-0.011646,-0.009191,0.041999,0.034362,-0.993908
cuboid > 22
0.005209,0.117910,5643.494141,2.965700,0.075580,0.910781,2.965700,0.103462,0.106596,0.000847,-0.090093,-0.429196
0.000237,0.000931,26774.947266,0.678396,0.015159,0.205195,0.678396,0.028178,0.028456,0.000030,-0.028178,0.000000
0.132520,0.398091,1604.466431,15.533862,0.436536,5.066393,15.533862,0.302156,0.324368,0.038703,-0.135340,-2.849784
0.263195,0.078219,20.441210,3.416220,0.164546,1.316411,3.416220,-0.002272,0.001203,0.042950,0.035878,-0.832719
0.001035,0.013109,11233.626953,1.245849,0.031064,0.386588,1.245849,0.048031,0.048277,0.000136,-0.046978,0.000000
cuboid > 23
0.001109,0.048230,12136.822266,1.452959,0.031964,0.440811,1.452959,0.051687,0.052926,0.000142,-0.050360,-0.113699
0.005045,0.032540,5612.007324,2.857033,0.071537,0.885204,2.857033,0.091279,0.093148,0.000803,-0.082723,-0.326864
0.056448,0.328199,1956.476440,8.565554,0.262337,2.836187,8.565554,0.227742,0.240192,0.014703,-0.138137,-2.795748
0.000235,0.002053,27251.560547,0.693931,0.015049,0.210186,0.693931,0.028991,0.029603,0.000030,-0.028991,0.000000
0.330121,0.087658,22.038876,3.832216,0.177128,1.446880,3.832216,-0.012193,-0.008834,0.051329,0.045041,-0.991934
cuboid > 24
0.000242,0.001043,24380.681641,0.618887,0.015495,0.198447,0.618887,0.028883,0.029194,0.000032,-0.028649,0.000000
0.000715,0.006806,12442.655273,0.903745,0.025183,0.298417,0.903745,0.041275,0.041651,0.000095,-0.040541,0.000000
0.054069,0.121105,1913.743286,8.022095,0.236217,2.704939,8.022095,0.194889,0.206109,0.013479,-0.124945,-0.680398
0.003045,0.025248,5906.398926,1.905571,0.054280,0.642006,1.905571,0.078574,0.081199,0.000474,-0.072435,-0.012652
0.302649,0.078725,34.393776,3.765633,0.185315,1.449218,3.765633,0.001754,0.005338,0.048823,0.035619,-1.230487
cuboid > 25
0.000732,0.024221,12548.882812,0.951571,0.026868,0.323178,0.951571,0.046864,0.047924,0.000108,-0.044750,-0.027096
0.298472,0.085189,55.413116,4.038448,0.211388,1.592102,4.038448,0.021113,0.025400,0.048455,0.019596,-1.166875
0.003347,0.071848,5830.850098,2.006331,0.058877,0.679843,2.006331,0.084136,0.086491,0.000543,-0.075932,-0.321889
0.000251,0.001545,23983.867188,0.642122,0.015752,0.205263,0.642122,0.029636,0.030098,0.000034,-0.029391,0.000000
0.032894,0.125571,2102.620361,5.951730,0.174703,1.982199,5.951730,0.154826,0.159752,0.005723,-0.124663,-0.949952
cuboid > 26
0.000654,0.017232,13227.785156,0.907472,0.025596,0.306159,0.907472,0.044202,0.044991,0.000094,-0.042464,-0.064749
0.028776,0.102785,2208.151367,5.473059,0.162439,1.830313,5.473059,0.147151,0.151941,0.005251,-0.120338,-0.847348
0.002946,0.039722,6418.935547,1.879840,0.054753,0.631281,1.879840,0.077048,0.078649,0.000539,-0.069505,-0.139746
0.000244,0.001804,24982.466797,0.665944,0.015610,0.208755,0.665944,0.029778,0.030316,0.000032,-0.029616,0.000000
0.286311,0.079256,54.896099,3.888975,0.199064,1.501841,3.888975,0.017141,0.020778,0.045785,0.016752,-1.082239
cuboid > 27
0.000247,0.001558,25201.619141,0.687871,0.015834,0.212847,0.687871,0.029959,0.030424,0.000033,-0.029722,0.000000
0.000920,0.008318,12425.324219,1.185575,0.028854,0.367760,1.185575,0.045033,0.045344,0.000118,-0.044202,-0.039592
0.050212,0.164213,1935.532593,8.140502,0.220480,2.618781,8.140502,0.181146,0.189570,0.010019,-0.130176,-1.150806
0.003948,0.014468,5731.250000,2.298692,0.061145,0.735900,2.298692,0.079008,0.079944,0.000551,-0.074455,-0.058461
0.255187,0.062806,28.795647,3.084975,0.154956,1.193382,3.084975,0.000653,0.003499,0.039495,0.026465,-0.862961
cuboid > 28
0.000240,0.005002,28190.531250,0.734723,0.015125,0.213748,0.734723,0.028178,0.028344,0.000030,-0.028178,0.000000
0.001542,0.059176,11486.266602,1.695229,0.045356,0.561612,1.695229,0.081035,0.085855,0.000400,-0.068473,-0.086860
0.087174,0.189108,1628.493896,11.294471,0.310173,3.648273,11.294471,0.220249,0.230588,0.020370,-0.136209,-1.372028
0.007964,0.040065,4931.296875,3.764623,0.091197,1.158834,3.764623,0.108037,0.111706,0.001538,-0.092398,-0.180173
0.220082,0.058195,19.573698,2.702218,0.132487,1.040224,2.702218,-0.001419,0.000925,0.034888,0.025895,-0.730063
cuboid > 29
0.000239,0.000689,26849.490234,0.699131,0.015280,0.208103,0.699131,0.028178,0.028384,0.000030,-0.028178,0.000000
0.001047,0.030839,11347.221680,1.289832,0.031071,0.408169,1.289832,0.054250,0.056187,0.000151,-0.052445,0.000000
0.091162,0.034870,19.608709,1.717998,0.084815,0.667980,1.717998,0.011296,0.012901,0.014204,0.001685,-0.327706
0.006029,0.042697,5148.589844,2.982842,0.070899,0.908799,2.982842,0.084206,0.085892,0.000842,-0.080602,-0.102139
0.114028,0.198383,1475.543701,13.003656,0.355430,4.204281,13.003656,0.229394,0.244551,0.026501,-0.137072,-1.052443
cuboid > 30
0.001053,0.041079,12306.275391,1.388736,0.031416,0.417591,1.388736,0.050676,0.051503,0.000139,-0.048197,-0.156863
0.077410,0.244479,1641.343750,10.270342,0.297308,3.395365,10.270342,0.226670,0.242157,0.017513,-0.141922,-1.437627
0.005819,0.076904,5203.788574,3.059162,0.069416,0.917466,3.059162,0.084592,0.086401,0.000758,-0.080072,-0.403973
0.103856,0.026932,20.029387,1.767110,0.083760,0.672751,1.767110,0.007945,0.009234,0.014967,0.003143,-0.388262
0.000252,0.002971,28574.818359,0.772992,0.015130,0.225682,0.772992,0.029371,0.030260,0.000036,-0.029371,0.000000
cuboid > 31
0.004341,0.051460,5595.225586,2.604736,0.062247,0.801416,2.604736,0.081200,0.083140,0.000589,-0.076458,-0.275647
0.000727,0.027288,12439.880859,0.944304,0.026108,0.312331,0.944304,0.044998,0.045948,0.000106,-0.042750,-0.076486
0.083762,0.023627,23.803204,1.557764,0.078540,0.601989,1.557764,0.012153,0.013495,0.012428,-0.001860,-0.432760
0.067812,0.170417,1771.668335,9.946917,0.252903,3.103555,9.946917,0.176442,0.183088,0.011491,-0.137364,-1.080809
0.000249,0.002268,25935.195312,0.673731,0.015909,0.212954,0.673731,0.030735,0.031411,0.000040,-0.029756,0.000000
cuboid > 32
0.000245,0.000140,28614.468750,0.771537,0.015695,0.220574,0.771537,0.028431,0.028473,0.000030,-0.028431,0.000000
0.000406,0.000430,17222.566406,0.719889,0.019539,0.235276,0.719889,0.033690,0.033818,0.000053,-0.033308,0.000000
0.072973,0.026079,34.973244,1.512200,0.079358,0.594150,1.512200,0.019547,0.020879,0.010972,-0.009163,-0.316862
0.002501,0.028687,6992.906250,1.748504,0.047197,0.568324,1.748504,0.065487,0.066378,0.000338,-0.063059,-0.086058
0.032600,0.070840,2215.227539,6.143551,0.165075,1.983226,6.143551,0.137181,0.141922,0.005436,-0.118171,-0.241216
cuboid > 33
0.000242,0.006055,25252.605469,0.665106,0.015396,0.206694,0.665106,0.029227,0.029654,0.000031,-0.029227,0.000000
0.000702,0.006396,13463.448242,1.018887,0.026471,0.333131,1.018887,0.045077,0.045933,0.000104,-0.043534,0.000000
0.070345,0.026795,31.538404,1.530393,0.073112,0.571776,1.530393,0.017560,0.018758,0.010717,-0.007813,-0.277543
0.002772,0.022887,6367.975586,1.849473,0.049749,0.600211,1.849473,0.068555,0.069679,0.000393,-0.065479,-0.049814
0.033699,0.063323,2127.247803,5.891056,0.164759,1.918559,5.891056,0.135661,0.139481,0.005733,-0.114508,-0.260622
cuboid > 34
0.001106,0.000759,11463.931641,1.332915,0.031697,0.406604,1.332915,0.047685,0.047913,0.000141,-0.047139,0.000000
0.000249,0.001691,26094.005859,0.693147,0.015343,0.210859,0.693147,0.028857,0.029363,0.000033,-0.028857,0.000000
0.057677,0.116879,1763.876831,8.419337,0.223260,2.654364,8.419337,0.161255,0.166480,0.010115,-0.125160,-0.680442
0.005722,0.039153,5080.791016,2.881510,0.069417,0.887725,2.881510,0.081627,0.082661,0.000762,-0.077838,-0.205084
0.071723,0.025211,19.546055,1.289772,0.062762,0.490080,1.289772,0.008739,0.009760,0.010611,-0.000308,-0.218887
cuboid > 35
0.000236,0.001311,28183.166016,0.728696,0.015133,0.213506,0.728696,0.028474,0.028865,0.000031,-0.028376,0.000000
0.000993,0.000105,11724.200195,1.219639,0.029768,0.370570,1.219639,0.045128,0.045159,0.000126,-0.044375,0.000000
0.055594,0.023174,11.737439,1.138306,0.052536,0.426249,1.138306,0.007317,0.008220,0.008312,-0.000181,-0.232579
0.007989,0.050412,4813.324707,3.714124,0.085308,1.098445,3.714124,0.093926,0.094462,0.001079,-0.087987,-0.304040
0.139734,0.189581,1225.783081,13.425317,0.372635,4.339091,13.425317,0.212791,0.223446,0.028115,-0.129674,-1.286644
