cuboid > 1
0.000828,0.054881,11714.345703,1.092296,0.026876,0.340006,1.092296,0.044995,0.045650,0.000104,-0.042667,-0.202069
0.068463,0.009306,19.293789,1.121279,0.062249,0.461942,1.121279,0.005751,0.006156,0.009072,-0.001829,-0.076601
0.000248,0.009208,28145.244141,0.743660,0.015523,0.223121,0.743660,0.030862,0.031611,0.000035,-0.030472,0.000000
0.005953,0.059706,5329.064453,3.027148,0.075043,0.912553,3.027148,0.090923,0.091860,0.000865,-0.081730,-0.736393
0.053809,0.122390,1750.129883,7.943515,0.216639,2.547034,7.943515,0.166205,0.171254,0.010087,-0.126224,-0.813404
cuboid > 2
0.001215,0.008323,12135.966797,1.536362,0.033580,0.454706,1.536362,0.050591,0.051031,0.000155,-0.049817,-0.026963
0.104026,0.010938,37.625565,1.731658,0.092842,0.703170,1.731658,0.009107,0.009633,0.014029,-0.003273,-0.218787
0.005065,0.033536,5511.158203,2.872966,0.066647,0.860014,2.872966,0.080095,0.080867,0.000661,-0.076698,-0.266066
0.000242,0.001838,28033.154297,0.735475,0.015441,0.215185,0.735475,0.028568,0.028761,0.000031,-0.028503,0.000000
0.035840,0.066212,1937.918701,6.153558,0.163973,1.951312,6.153558,0.128245,0.130365,0.005218,-0.114262,-0.405094
cuboid > 3
0.004689,0.037520,5130.389648,2.423817,0.063096,0.770725,2.423817,0.081125,0.083192,0.000735,-0.074422,-0.205012
0.000241,0.000340,28475.976562,0.749751,0.015455,0.216172,0.749751,0.028178,0.028280,0.000030,-0.028178,0.000000
0.154311,0.017972,61.662437,2.737676,0.157957,1.148539,2.737676,0.028464,0.029918,0.021381,-0.014976,-0.238975
0.048313,0.075954,1730.460693,7.223220,0.208547,2.389765,7.223220,0.164763,0.170457,0.008365,-0.129976,-0.501160
0.001050,0.013861,11096.980469,1.256160,0.030208,0.385439,1.256160,0.046949,0.047483,0.000135,-0.045860,-0.051185
cuboid > 4
0.146765,0.035374,58.073673,2.630817,0.158384,1.085663,2.630817,0.038760,0.040844,0.020474,-0.022872,-0.345506
0.001173,0.017249,10814.829102,1.251096,0.035542,0.422345,1.251096,0.061219,0.063331,0.000264,-0.054068,-0.059917
0.054857,0.206849,1702.011475,8.281290,0.240339,2.742758,8.281290,0.203023,0.212364,0.010466,-0.145622,-1.102981
0.007710,0.108207,5061.355957,3.767233,0.104792,1.261241,3.767233,0.150091,0.158287,0.001764,-0.116782,-0.453639
0.000278,0.003497,27177.455078,0.746790,0.017457,0.233036,0.746790,0.034203,0.035106,0.000050,-0.032433,0.000000
cuboid > 5
0.001326,0.065088,11587.448242,1.481839,0.042784,0.505835,1.481839,0.080054,0.084350,0.000380,-0.065364,-0.206105
0.124545,0.030280,47.192722,2.041159,0.132911,0.856181,2.041159,0.033366,0.035181,0.017300,-0.018373,-0.472170
0.005954,0.148684,5213.528809,3.111190,0.092215,1.063008,3.111190,0.142377,0.150631,0.001317,-0.112171,-0.600790
0.000295,0.002216,25873.162109,0.743630,0.018083,0.233596,0.743630,0.034342,0.035003,0.000057,-0.032380,0.000000
0.043200,0.323879,1839.755371,7.116406,0.230698,2.448617,7.116406,0.221693,0.232563,0.008986,-0.152815,-1.822528
cuboid > 6
0.000253,0.009181,27909.884766,0.748129,0.015888,0.221131,0.748129,0.030018,0.030429,0.000034,-0.029375,-0.035382
0.000856,0.026100,11086.951172,1.051816,0.027790,0.345387,1.051816,0.047531,0.048941,0.000132,-0.045202,-0.077689
0.004935,0.106143,5328.176270,2.750915,0.071794,0.893420,2.750915,0.102147,0.107266,0.000992,-0.085721,-0.304823
0.112996,0.011891,43.862671,1.923056,0.115837,0.813483,1.923056,0.019342,0.020205,0.015052,-0.012415,-0.240428
0.041943,0.155895,1864.664551,7.046504,0.188532,2.245012,7.046504,0.155803,0.161670,0.006565,-0.127763,-0.802984
cuboid > 7
0.001006,0.038126,11751.571289,1.288903,0.029216,0.394357,1.288903,0.048058,0.048976,0.000129,-0.046931,-0.051948
0.004309,0.025909,5368.087891,2.428709,0.059710,0.754356,2.428709,0.075510,0.076977,0.000584,-0.072172,-0.023465
0.000269,0.006720,27417.890625,0.773496,0.015749,0.231497,0.773496,0.031023,0.031992,0.000039,-0.030817,0.000000
0.064723,0.004923,31.717487,1.275215,0.059017,0.483171,1.275215,0.007153,0.007442,0.008589,-0.004470,-0.026862
0.039333,0.108709,1792.677246,6.508431,0.178444,2.115805,6.508431,0.140005,0.143408,0.005538,-0.126039,-0.411997
cuboid > 8
0.000244,0.000000,28662.873047,0.765571,0.015625,0.218750,0.765571,0.028178,0.028178,0.000030,-0.028178,0.000000
0.000750,0.014452,11750.462891,0.939207,0.027132,0.303499,0.939207,0.045639,0.046173,0.000123,-0.042344,-0.040139
0.035275,0.138450,1768.606934,5.655535,0.185850,1.937099,5.655535,0.170193,0.176959,0.006761,-0.126854,-1.539049
0.007207,0.095273,4888.454102,3.258802,0.097281,1.103990,3.258802,0.133083,0.140112,0.001906,-0.098003,-0.777434
0.099857,0.033124,21.972260,1.647407,0.081013,0.635830,1.647407,0.007384,0.008482,0.015095,0.004712,-0.566446
cuboid > 9
0.000242,0.000415,27601.876953,0.728019,0.015480,0.212866,0.728019,0.028178,0.028255,0.000030,-0.028178,0.000000
0.001058,0.002291,11533.792969,1.307604,0.030661,0.395597,1.307604,0.046239,0.046408,0.000132,-0.045873,-0.008832
0.183062,0.039590,48.595974,2.898598,0.139568,1.120437,2.898598,0.008563,0.010056,0.026951,0.008582,-0.803569
0.004093,0.017261,5436.045898,2.322161,0.057733,0.714685,2.322161,0.070597,0.071000,0.000533,-0.068404,-0.133324
0.025231,0.043925,2037.594360,4.579213,0.133173,1.506257,4.579213,0.114428,0.116345,0.004124,-0.100364,-0.498772
cuboid > 10
0.004318,0.027490,5399.730469,2.417849,0.061385,0.756448,2.417849,0.077475,0.078540,0.000640,-0.071904,-0.124249
0.000246,0.000651,27618.197266,0.743405,0.015734,0.217973,0.743405,0.028961,0.029155,0.000031,-0.028879,0.000000
0.001141,0.008205,11343.997070,1.375182,0.032485,0.419146,1.375182,0.049951,0.050449,0.000155,-0.048432,-0.026536
0.292507,0.054990,104.428360,4.516798,0.257874,1.899865,4.516798,0.039103,0.042698,0.043554,-0.005921,-0.906599
0.030906,0.078064,1903.460815,5.458914,0.164579,1.832882,5.458914,0.143235,0.147185,0.005211,-0.118523,-0.632038
cuboid > 11
0.001065,0.038232,11398.787109,1.311446,0.033804,0.419924,1.311446,0.056723,0.057927,0.000174,-0.051698,-0.173339
0.006673,0.113842,5121.077148,3.329779,0.089685,1.080606,3.329779,0.117714,0.121440,0.001359,-0.095692,-0.893576
0.287878,0.079314,87.059196,4.249606,0.260706,1.763218,4.249606,0.059365,0.064220,0.043173,-0.019678,-1.150071
0.043374,0.206661,1817.222656,7.100417,0.214932,2.382668,7.100417,0.191281,0.199542,0.008131,-0.141717,-1.715272
0.000283,0.007240,27364.318359,0.765385,0.016957,0.240323,0.765385,0.035075,0.036631,0.000049,-0.033776,0.000000
cuboid > 12
0.001172,0.041107,12079.909180,1.405038,0.037287,0.448855,1.405038,0.062330,0.063728,0.000229,-0.054836,-0.240557
0.041867,0.220399,1938.632324,7.033788,0.234223,2.467523,7.033788,0.224075,0.234364,0.009535,-0.150109,-2.357113
0.005188,0.132374,5655.834473,2.841081,0.084472,0.956108,2.841081,0.121020,0.125422,0.001173,-0.095003,-1.218452
0.000271,0.008793,26629.287109,0.722205,0.017001,0.227751,0.722205,0.033238,0.034083,0.000043,-0.031923,-0.044791
0.278623,0.070256,75.267166,3.832063,0.241012,1.590596,3.832063,0.055208,0.059672,0.040782,-0.017507,-0.975827
cuboid > 13
0.000257,0.003350,27484.333984,0.730861,0.016370,0.222787,0.730861,0.031933,0.032680,0.000040,-0.030963,0.000000
0.000993,0.026196,11478.701172,1.201220,0.030070,0.374890,1.201220,0.047898,0.048477,0.000134,-0.045778,-0.127101
0.004554,0.063683,5479.831543,2.636649,0.067569,0.830198,2.636649,0.089721,0.091782,0.000696,-0.081040,-0.437614
0.267365,0.054511,77.815132,3.942047,0.228005,1.642965,3.942047,0.036479,0.039716,0.038907,-0.006947,-0.671584
0.031566,0.172419,1896.952759,5.561571,0.168303,1.860590,5.561571,0.153308,0.158259,0.005528,-0.123616,-1.220540
cuboid > 14
0.000240,0.000491,28107.169922,0.728251,0.015379,0.212931,0.728251,0.028178,0.028325,0.000030,-0.028178,0.000000
0.000939,0.002171,11021.997070,1.118892,0.028081,0.348655,1.118892,0.043200,0.043412,0.000119,-0.042880,0.000000
0.044090,0.096444,1719.661621,6.620381,0.196845,2.217014,6.620381,0.150392,0.153806,0.007335,-0.124931,-1.094534
0.006289,0.011808,5047.625488,3.145340,0.073414,0.954091,3.145340,0.084147,0.085174,0.000841,-0.081053,-0.091917
0.168031,0.033827,47.116180,2.655951,0.121073,0.996690,2.655951,0.006390,0.007495,0.024334,0.006910,-0.548814
cuboid > 15
0.000220,0.009171,27522.056641,0.650087,0.013791,0.199219,0.650087,0.028178,0.029090,0.000030,-0.028178,0.000000
0.000908,0.013307,11451.141602,1.082000,0.029875,0.358577,1.082000,0.051289,0.052577,0.000146,-0.048171,0.000000
0.038655,0.172092,1897.065796,5.999482,0.190728,2.007086,5.999482,0.170489,0.176280,0.008019,-0.120871,-1.571575
0.003068,0.047677,5274.685059,1.682370,0.054535,0.581355,1.682370,0.077769,0.079524,0.000497,-0.069701,-0.211117
0.054094,0.022831,22.206274,1.103767,0.052390,0.415661,1.103767,0.010270,0.011125,0.008315,-0.001652,-0.362824
cuboid > 16
0.000243,0.000205,27168.203125,0.717554,0.015522,0.211329,0.717554,0.028179,0.028240,0.000030,-0.028179,0.000000
0.000902,0.000702,11320.683594,1.082024,0.028216,0.343247,1.082024,0.043784,0.043959,0.000132,-0.042662,0.000000
0.025968,0.085842,1966.208374,4.398284,0.136357,1.464522,4.398284,0.120540,0.122667,0.003926,-0.103286,-0.939009
0.003811,0.023870,5509.144531,2.132264,0.057973,0.689005,2.132264,0.076744,0.078438,0.000659,-0.069841,-0.092603
0.107710,0.037982,35.105492,1.966455,0.087600,0.730989,1.966455,0.009471,0.010600,0.016057,0.002566,-0.702085
cuboid > 17
0.003992,0.031928,5483.260742,2.272016,0.058349,0.716751,2.272016,0.075261,0.076492,0.000568,-0.070857,-0.132495
0.001001,0.005349,11692.706055,1.242163,0.030504,0.387856,1.242163,0.048351,0.048981,0.000141,-0.046691,0.000000
0.168860,0.043721,74.916267,2.839010,0.152410,1.153251,2.839010,0.024087,0.026118,0.024861,-0.006051,-0.756068
0.000253,0.001493,26886.791016,0.734834,0.015926,0.220128,0.734834,0.029910,0.030356,0.000034,-0.029681,0.000000
0.036691,0.072798,1877.242676,6.104045,0.172966,1.992423,6.104045,0.140557,0.143972,0.006089,-0.117851,-0.586359
cuboid > 18
0.000870,0.013219,12163.196289,1.128629,0.029331,0.363896,1.128629,0.048380,0.049206,0.000126,-0.046286,-0.038181
0.035588,0.238574,1899.247559,6.171216,0.196588,2.144379,6.171216,0.187464,0.196546,0.006938,-0.141114,-1.303551
0.004956,0.060196,5568.501465,2.810390,0.073293,0.904386,2.810390,0.096507,0.098991,0.000843,-0.085164,-0.279752
0.181944,0.054774,66.533318,2.881657,0.163880,1.163288,2.881657,0.035132,0.038199,0.026597,-0.013373,-0.574443
0.000260,0.002225,26190.863281,0.703686,0.016489,0.221031,0.703686,0.031641,0.032305,0.000039,-0.030848,0.000000
cuboid > 19
0.184291,0.062612,75.700798,3.117341,0.172267,1.249632,3.117341,0.039958,0.043070,0.027449,-0.014771,-0.824517
0.000862,0.019822,13156.466797,1.217187,0.030817,0.394312,1.217187,0.052810,0.054070,0.000137,-0.049663,-0.022424
0.000251,0.003018,25949.476562,0.681834,0.015826,0.212437,0.681834,0.030203,0.030688,0.000035,-0.029737,0.000000
0.003981,0.060308,6613.440430,2.551896,0.064432,0.807475,2.551896,0.086524,0.088594,0.000689,-0.077035,-0.314272
0.034368,0.154443,2295.934814,6.858844,0.193188,2.262070,6.858844,0.176851,0.183962,0.006482,-0.136568,-1.136926
cuboid > 20
0.004714,0.025658,5560.784180,2.660654,0.066903,0.831228,2.660654,0.084560,0.085911,0.000678,-0.078911,-0.213473
0.033392,0.148285,1948.530762,5.942904,0.173567,1.973106,5.942904,0.152821,0.157538,0.005642,-0.125134,-0.799146
0.187731,0.052051,71.618446,3.293657,0.168132,1.299410,3.293657,0.029639,0.032118,0.027285,-0.008640,-0.614498
0.000948,0.021659,11810.073242,1.182330,0.029276,0.371978,1.182330,0.047308,0.047956,0.000129,-0.045862,-0.036145
0.000240,0.011956,27375.845703,0.700822,0.015046,0.212627,0.700822,0.029701,0.030362,0.000032,-0.029511,0.000000
cuboid > 21
0.000251,0.002260,27458.300781,0.750886,0.015832,0.221616,0.750886,0.029566,0.029896,0.000032,-0.029479,0.000000
0.000958,0.014391,11178.018555,1.172666,0.028771,0.363831,1.172666,0.044995,0.045369,0.000122,-0.044164,-0.063675
0.043796,0.078961,1725.282471,6.534893,0.192084,2.170144,6.534893,0.144871,0.147891,0.007200,-0.122700,-0.736245
0.006416,0.030234,5140.901855,3.269116,0.076589,0.991918,3.269116,0.088734,0.089708,0.000914,-0.083701,-0.090401
0.142944,0.037878,41.308601,2.349538,0.105297,0.863649,2.349538,0.007903,0.009182,0.021416,0.007097,-0.667811
cuboid > 22
0.003345,0.050417,5310.408203,1.857262,0.057609,0.625775,1.857262,0.084747,0.087496,0.000579,-0.075072,-0.168476
0.000260,0.003141,28590.699219,0.788055,0.016567,0.232359,0.788055,0.031954,0.032579,0.000035,-0.031536,0.000000
0.032872,0.081737,1930.521362,5.341096,0.171232,1.814281,5.341096,0.154439,0.159295,0.006428,-0.117239,-0.640598
0.012881,0.006951,14.172836,0.373647,0.019177,0.143321,0.373647,0.007155,0.007415,0.001985,-0.004413,-0.130302
0.000823,0.028752,11485.167969,1.064853,0.029953,0.352256,1.064853,0.053434,0.055246,0.000136,-0.049497,-0.044161
cuboid > 23
0.000923,0.031555,11242.198242,1.076853,0.028818,0.354046,1.076853,0.050466,0.052177,0.000140,-0.047783,-0.064847
0.004569,0.040863,5176.754883,2.378832,0.066056,0.762369,2.378832,0.086279,0.087880,0.000707,-0.078121,-0.400239
0.035342,0.067404,1848.741455,5.637909,0.180979,1.926971,5.637909,0.157394,0.161068,0.007195,-0.121716,-0.473443
0.000244,0.008201,27426.716797,0.727144,0.015309,0.216623,0.727144,0.029821,0.030365,0.000031,-0.029821,0.000000
0.037993,0.014442,15.509442,0.707889,0.034384,0.268335,0.707889,0.006341,0.006828,0.005782,-0.000754,-0.161587
cuboid > 24
0.000254,0.000523,25690.533203,0.702732,0.015712,0.211335,0.702732,0.028558,0.028715,0.000033,-0.028558,0.000000
0.000961,0.031927,11440.599609,1.156290,0.030856,0.381288,1.156290,0.053324,0.055226,0.000168,-0.049379,-0.047066
0.024475,0.051471,2015.206543,4.314992,0.148386,1.521928,4.314992,0.142092,0.145902,0.004253,-0.117303,-0.427300
0.004748,0.053922,5407.414062,2.631532,0.071542,0.855621,2.631532,0.098398,0.102039,0.000860,-0.086097,-0.127688
0.047590,0.015501,23.160320,0.831372,0.047683,0.330982,0.831372,0.010149,0.010845,0.008061,-0.001044,-0.504423
cuboid > 25
0.000731,0.034603,11858.748047,0.946105,0.026841,0.320565,0.946105,0.048399,0.049780,0.000113,-0.045708,-0.068116
0.061954,0.017434,27.690132,1.074354,0.053783,0.406186,1.074354,0.012008,0.012841,0.009419,-0.003196,-0.302380
0.003900,0.085519,5584.232422,2.259433,0.065464,0.764004,2.259433,0.096749,0.100801,0.000705,-0.084135,-0.278158
0.000268,0.012890,25692.835938,0.735656,0.016784,0.231929,0.735656,0.033947,0.035044,0.000041,-0.033051,0.000000
0.028338,0.108653,2094.449219,5.240777,0.173637,1.829955,5.240777,0.170800,0.177341,0.006004,-0.128705,-0.806710
cuboid > 26
0.000909,0.021977,13610.320312,1.319941,0.032644,0.422243,1.319941,0.058235,0.060204,0.000152,-0.053832,-0.026650
0.027628,0.111063,2267.846680,5.646368,0.175483,1.908713,5.646368,0.174565,0.180799,0.005302,-0.134422,-0.646741
0.003541,0.064898,6614.899902,2.385216,0.061394,0.760924,2.385216,0.088273,0.091323,0.000631,-0.077263,-0.298895
0.000246,0.008972,26285.224609,0.693900,0.015532,0.213304,0.693900,0.030052,0.030615,0.000033,-0.029599,-0.021838
0.067084,0.025632,32.360535,1.222334,0.059080,0.458083,1.222334,0.013642,0.014666,0.010125,-0.003966,-0.255079
cuboid > 27
0.000250,0.007738,26992.736328,0.707218,0.015426,0.215541,0.707218,0.030147,0.030814,0.000035,-0.029790,0.000000
0.001220,0.034174,11633.768555,1.450434,0.037167,0.466875,1.450434,0.064152,0.066465,0.000220,-0.058482,-0.063861
0.039095,0.088462,1862.206299,6.305893,0.190725,2.097336,6.305893,0.162170,0.166600,0.006786,-0.129924,-0.718620
0.005588,0.060387,5222.609375,2.902771,0.077509,0.937931,2.902771,0.102795,0.106112,0.000918,-0.091628,-0.299007
0.053687,0.023034,30.967926,1.094513,0.056109,0.418989,1.094513,0.013473,0.014304,0.008646,-0.004297,-0.291166
cuboid > 28
0.000265,0.005957,27517.849609,0.778744,0.016194,0.232809,0.778744,0.031597,0.032370,0.000037,-0.031230,0.000000
0.001050,0.022943,11807.591797,1.329028,0.032771,0.419708,1.329028,0.055546,0.057164,0.000159,-0.052523,-0.016343
0.034615,0.180396,1975.072876,5.802318,0.192356,2.022323,5.802318,0.183012,0.190389,0.007946,-0.130744,-1.049942
0.004786,0.082824,5498.623047,2.662466,0.073213,0.857681,2.662466,0.100342,0.103441,0.000806,-0.087549,-0.395418
0.055253,0.028479,20.870274,1.167724,0.053892,0.430449,1.167724,0.009161,0.009897,0.008395,-0.000733,-0.420152
cuboid > 29
0.000234,0.001237,27924.699219,0.705710,0.015006,0.209050,0.705710,0.028178,0.028547,0.000030,-0.028178,0.000000
0.000960,0.031652,12006.966797,1.227976,0.030053,0.388174,1.227976,0.051016,0.052535,0.000157,-0.047665,-0.082581
0.001594,0.001107,5.871680,0.063993,0.004405,0.027860,0.063993,0.002758,0.002819,0.000224,-0.002360,-0.008681
0.004981,0.070289,5561.847656,2.794699,0.074081,0.890244,2.794699,0.101030,0.103692,0.000891,-0.086166,-0.382449
0.023001,0.075892,2040.504150,4.522440,0.144491,1.535921,4.522440,0.137983,0.141575,0.003705,-0.116786,-0.470968
cuboid > 30
0.001309,0.015445,11330.590820,1.461785,0.036140,0.465517,1.461785,0.059330,0.061316,0.000233,-0.055005,0.000000
0.030137,0.058776,1970.515625,5.567682,0.164719,1.850224,5.567682,0.147275,0.151252,0.005451,-0.119926,-0.230422
0.005762,0.061885,5220.504883,3.059262,0.080542,0.988602,3.059262,0.107549,0.111494,0.001056,-0.092663,-0.238703
0.008640,0.005125,8.446507,0.233174,0.012117,0.089837,0.233174,0.004255,0.004421,0.001282,-0.002714,-0.029854
0.000234,0.002604,28938.119141,0.723905,0.014844,0.211806,0.723905,0.028178,0.028567,0.000030,-0.028178,0.000000
cuboid > 31
0.004746,0.041725,5482.888184,2.706435,0.071470,0.866994,2.706435,0.097383,0.100321,0.000824,-0.085444,-0.068180
0.001070,0.012665,11631.577148,1.294492,0.033634,0.417933,1.294492,0.055141,0.056492,0.000200,-0.050134,-0.023370
0.011699,0.009555,10.701375,0.255788,0.016273,0.106379,0.255788,0.005623,0.005958,0.001736,-0.003382,-0.123624
0.025372,0.089321,2124.463623,4.980474,0.151329,1.679558,4.980474,0.149519,0.155992,0.004707,-0.119412,-0.214490
0.000258,0.002264,27314.753906,0.728331,0.016531,0.224486,0.728331,0.031854,0.032529,0.000042,-0.030580,0.000000
cuboid > 32
0.000261,0.009448,29061.199219,0.794241,0.016279,0.243459,0.794241,0.034514,0.036249,0.000044,-0.033342,0.000000
0.000510,0.036744,15638.851562,0.887213,0.022366,0.294103,0.887213,0.043152,0.044914,0.000074,-0.041109,-0.143480
0.012139,0.008574,20.096725,0.373598,0.018751,0.144224,0.373598,0.007820,0.008231,0.001891,-0.004920,-0.052658
0.002041,0.053784,8621.811523,1.769420,0.047085,0.588009,1.769420,0.078197,0.082192,0.000458,-0.067187,-0.201833
0.016531,0.080803,3195.506592,4.556967,0.119674,1.442853,4.556967,0.121895,0.124723,0.002565,-0.106409,-0.429136
cuboid > 33
0.000252,0.005851,26494.273438,0.721860,0.015918,0.220515,0.721860,0.030691,0.031377,0.000034,-0.030393,0.000000
0.000857,0.012403,13836.615234,1.214322,0.029536,0.384827,1.214322,0.050361,0.051600,0.000137,-0.047790,0.000000
0.012637,0.006314,15.676844,0.385211,0.018778,0.146091,0.385211,0.007406,0.007723,0.001841,-0.005077,-0.036168
0.002946,0.027686,6733.070312,1.944254,0.054237,0.649611,1.944254,0.079292,0.082225,0.000564,-0.069783,-0.028649
0.028375,0.174562,2251.536377,5.783825,0.177704,1.977406,5.783825,0.185035,0.195213,0.006146,-0.137523,-0.506763
cuboid > 34
0.001089,0.016688,11599.044922,1.278007,0.034570,0.417620,1.278007,0.059630,0.061440,0.000208,-0.053732,0.000000
0.000276,0.003618,26607.054688,0.786614,0.017048,0.237912,0.786614,0.032819,0.033466,0.000041,-0.031951,0.000000
0.030809,0.154080,2032.733643,5.832804,0.184586,1.993256,5.832804,0.185746,0.194997,0.006037,-0.139603,-1.369310
0.006047,0.057640,5314.848145,3.229944,0.085658,1.047213,3.229944,0.119026,0.124321,0.001194,-0.099696,-0.221147
0.009337,0.008622,14.643250,0.275308,0.017315,0.114096,0.275308,0.008381,0.008729,0.001442,-0.005882,-0.082373
cuboid > 35
0.000264,0.026591,27402.671875,0.767522,0.015516,0.238498,0.767522,0.035354,0.037422,0.000039,-0.035033,0.000000
0.001096,0.032337,12029.400391,1.307622,0.034087,0.424360,1.307622,0.058879,0.060847,0.000230,-0.052631,-0.074544
0.008908,0.008490,14.547716,0.305744,0.017487,0.122135,0.305744,0.008289,0.008588,0.001313,-0.006082,-0.044592
0.004402,0.068010,5452.664551,2.453275,0.072770,0.835820,2.453275,0.107574,0.112439,0.000856,-0.091037,-0.249131
0.041970,0.195998,1979.060547,7.086524,0.214200,2.389462,7.086524,0.201415,0.212121,0.008270,-0.146954,-0.715411
