cuboid > 1
0.001078,0.010839,12368.196289,1.403628,0.031804,0.426044,1.403628,0.050497,0.051243,0.000138,-0.049830,0.000000
0.056674,0.005604,12.662689,0.899830,0.044710,0.347179,0.899830,0.000801,0.000959,0.007263,0.000828,-0.052969
0.000234,0.001320,29172.861328,0.725299,0.014965,0.212147,0.725299,0.028178,0.028572,0.000030,-0.028178,0.000000
0.008201,0.013049,4668.840820,3.701429,0.084188,1.106099,3.701429,0.089916,0.090474,0.001021,-0.088326,-0.098654
0.060026,0.092576,1513.165405,7.869614,0.204234,2.458216,7.869614,0.131278,0.132754,0.007943,-0.119775,-0.540115
cuboid > 2
0.001341,0.011082,11896.693359,1.637442,0.035391,0.478683,1.637442,0.051806,0.051987,0.000167,-0.051177,-0.032514
0.083760,0.008361,26.399937,1.586035,0.075477,0.602998,1.586035,0.006423,0.006836,0.010686,-0.003727,-0.071355
0.005949,0.043678,5154.379883,3.053553,0.075210,0.945310,3.053553,0.092861,0.094769,0.000847,-0.085404,-0.216097
0.000247,0.001276,27992.792969,0.746755,0.015689,0.217474,0.746755,0.028753,0.028848,0.000032,-0.028562,0.000000
0.061093,0.057284,1720.117310,8.945096,0.224531,2.783580,8.945096,0.151705,0.155274,0.008650,-0.133109,-0.285567
cuboid > 3
0.006352,0.066114,5082.305176,3.172916,0.078195,0.988277,3.172916,0.096722,0.099156,0.001024,-0.086922,-0.275046
0.000252,0.004248,26843.738281,0.722821,0.015888,0.218025,0.722821,0.030869,0.031469,0.000034,-0.030534,0.000000
0.114186,0.030673,55.722973,2.195737,0.121154,0.894076,2.195737,0.028437,0.030252,0.016353,-0.014655,-0.323808
0.051939,0.076700,1800.370117,8.056838,0.234604,2.673385,8.056838,0.191548,0.200203,0.010320,-0.138984,-0.362429
0.001188,0.007378,11721.840820,1.433906,0.033482,0.436710,1.433906,0.052087,0.052903,0.000164,-0.050571,-0.009257
cuboid > 4
0.095625,0.028181,63.355705,1.658414,0.107372,0.695753,1.658414,0.033761,0.035280,0.012859,-0.023972,-0.329224
0.001326,0.029991,11725.021484,1.577032,0.038433,0.499737,1.577032,0.063666,0.065587,0.000258,-0.057153,-0.096979
0.031490,0.108300,2048.536865,6.055046,0.176263,2.006237,6.055046,0.166196,0.172923,0.005221,-0.133830,-0.583301
0.005146,0.077042,5622.864258,2.896226,0.079218,0.951541,2.896226,0.112042,0.116624,0.001038,-0.093990,-0.400729
0.000263,0.001357,25054.894531,0.704025,0.016651,0.219595,0.704025,0.031191,0.031596,0.000038,-0.030544,0.000000
cuboid > 5
0.000984,0.016190,11972.328125,1.245082,0.030944,0.389136,1.245082,0.049063,0.049634,0.000137,-0.046888,-0.126754
0.100967,0.020488,47.711170,1.657889,0.106880,0.704770,1.657889,0.025191,0.026368,0.013700,-0.016249,-0.201440
0.004781,0.047413,5527.845703,2.641111,0.071012,0.852471,2.641111,0.094614,0.096978,0.000852,-0.082370,-0.221285
0.000247,0.002546,25778.039062,0.690401,0.015748,0.210546,0.690401,0.029238,0.029472,0.000032,-0.029003,0.000000
0.039825,0.085552,1887.731323,6.529252,0.185684,2.151715,6.529252,0.155330,0.161687,0.006398,-0.128460,-0.443920
cuboid > 6
0.000253,0.000150,27199.056641,0.745044,0.016164,0.219446,0.745044,0.029285,0.029330,0.000033,-0.028991,0.000000
0.001134,0.000774,12088.228516,1.427419,0.032628,0.428763,1.427419,0.049059,0.049290,0.000147,-0.048333,0.000000
0.004116,0.012942,5576.273438,2.319166,0.059284,0.725115,2.319166,0.072899,0.073392,0.000567,-0.069656,-0.070657
0.128994,0.018659,43.799416,2.005897,0.115348,0.830246,2.005897,0.014352,0.015352,0.017650,-0.005688,-0.288187
0.043675,0.050997,1758.262085,6.631176,0.181481,2.123304,6.631176,0.132629,0.134844,0.006160,-0.118862,-0.250088
cuboid > 7
0.001204,0.012773,11799.248047,1.470811,0.032836,0.435149,1.470811,0.048709,0.048897,0.000150,-0.047978,-0.066082
0.005747,0.020281,5240.957031,2.936767,0.069229,0.880585,2.936767,0.079393,0.079759,0.000752,-0.076991,-0.118805
0.000242,0.000328,27590.427734,0.724001,0.015461,0.212303,0.724001,0.028178,0.028276,0.000030,-0.028178,0.000000
0.087429,0.006349,21.668736,1.476930,0.074139,0.571052,1.476930,0.003417,0.003649,0.011090,-0.001542,-0.129902
0.061436,0.030479,1685.154053,8.553979,0.208501,2.602326,8.553979,0.129200,0.130858,0.008367,-0.119736,-0.351658
cuboid > 8
0.000241,0.000385,28140.023438,0.730232,0.015432,0.213313,0.730232,0.028178,0.028293,0.000030,-0.028178,0.000000
0.001133,0.006178,12830.742188,1.520841,0.032960,0.449560,1.520841,0.050535,0.050975,0.000144,-0.049872,0.000000
0.077796,0.247042,1602.622070,10.050506,0.271423,3.228981,10.050506,0.193054,0.207214,0.014695,-0.136496,-1.856174
0.005328,0.003817,5416.228027,2.793788,0.068037,0.861869,2.793788,0.082228,0.083370,0.000738,-0.077915,0.000000
0.174272,0.030748,14.410977,2.055953,0.091432,0.766211,2.055953,-0.010718,-0.009746,0.024482,0.019940,-0.287282
cuboid > 9
0.000240,0.002934,27934.263672,0.724401,0.015019,0.214251,0.724401,0.028766,0.029292,0.000031,-0.028766,0.000000
0.001269,0.010344,11797.485352,1.562222,0.034527,0.462185,1.562222,0.051703,0.052145,0.000161,-0.050926,-0.032173
0.244299,0.031247,32.971138,3.066871,0.137527,1.146403,3.066871,-0.008948,-0.007918,0.033068,0.019040,-0.379109
0.006229,0.052394,5301.736328,3.225912,0.073174,0.966511,3.225912,0.085356,0.086438,0.000824,-0.081149,-0.216557
0.057059,0.072595,1749.695557,8.616648,0.218581,2.690035,8.616648,0.151598,0.154905,0.008487,-0.131503,-0.771534
cuboid > 10
0.003480,0.038091,5639.779297,2.041064,0.055893,0.660187,2.041064,0.075491,0.076944,0.000539,-0.069412,-0.139682
0.000247,0.002379,27317.119141,0.727198,0.015709,0.216503,0.727198,0.029621,0.030007,0.000032,-0.029503,0.000000
0.000768,0.011256,12324.996094,1.022107,0.026645,0.327900,1.022107,0.044062,0.044650,0.000106,-0.042621,-0.030016
0.304713,0.058065,75.133774,4.101634,0.217481,1.636761,4.101634,0.026553,0.030425,0.044170,0.002681,-0.513651
0.047024,0.091912,1840.983154,7.087374,0.216600,2.413607,7.087374,0.182612,0.191837,0.010651,-0.128575,-0.569128
cuboid > 11
0.000889,0.018941,12497.685547,1.157898,0.029532,0.373607,1.157898,0.050087,0.051322,0.000133,-0.047608,-0.036057
0.004842,0.066146,5536.125488,2.664802,0.074132,0.883165,2.664802,0.102655,0.106432,0.000991,-0.086793,-0.359099
0.294383,0.057092,85.106476,3.506113,0.219839,1.436009,3.506113,0.045439,0.049257,0.041817,-0.017297,-0.486158
0.035502,0.139816,1958.331543,6.223753,0.193523,2.133437,6.223753,0.182041,0.189967,0.006976,-0.134283,-1.199451
0.000264,0.004810,26480.623047,0.714765,0.016630,0.223534,0.714765,0.032122,0.032897,0.000042,-0.031136,0.000000
cuboid > 12
0.000992,0.013396,12275.109375,1.260984,0.032400,0.401132,1.260984,0.053130,0.053993,0.000155,-0.049685,-0.060521
0.028670,0.098359,2074.264648,5.446956,0.165868,1.833051,5.446956,0.156527,0.161354,0.005230,-0.122306,-1.006130
0.004685,0.049879,5653.775879,2.651068,0.071549,0.855480,2.651068,0.095386,0.097440,0.000830,-0.082855,-0.457790
0.000263,0.006868,25655.392578,0.721575,0.016214,0.224551,0.721575,0.032169,0.033032,0.000038,-0.031552,0.000000
0.300336,0.056500,71.562752,3.606220,0.224808,1.481559,3.606220,0.038311,0.042138,0.043142,-0.009076,-0.591823
cuboid > 13
0.000243,0.001558,27798.025391,0.716341,0.015380,0.213778,0.716341,0.028892,0.029291,0.000032,-0.028758,0.000000
0.001018,0.009244,12373.929688,1.322897,0.031785,0.406642,1.322897,0.050143,0.050661,0.000150,-0.047858,-0.032026
0.005077,0.051024,5495.231934,2.833078,0.070795,0.888253,2.833078,0.091789,0.094253,0.000853,-0.082601,-0.354729
0.316513,0.044561,58.432255,3.956897,0.216732,1.612312,3.956897,0.014319,0.017878,0.046159,0.014954,-0.532735
0.033667,0.093853,1963.855591,5.854551,0.170457,1.932964,5.854551,0.147825,0.152801,0.006101,-0.118175,-0.859285
cuboid > 14
0.000256,0.003312,27210.681641,0.755796,0.016322,0.229204,0.755796,0.031791,0.032519,0.000039,-0.030960,0.000000
0.001098,0.014765,11692.345703,1.342646,0.032199,0.411855,1.342646,0.050170,0.050772,0.000159,-0.048027,-0.061372
0.042379,0.064884,1849.166382,6.633443,0.179456,2.098849,6.633443,0.135853,0.138063,0.006382,-0.116076,-0.581055
0.004628,0.028728,5605.976562,2.647882,0.064989,0.810941,2.647882,0.080311,0.081060,0.000656,-0.074952,-0.163394
0.229414,0.032534,28.450779,2.975553,0.136433,1.138782,2.975553,-0.009227,-0.007768,0.032310,0.021713,-0.275588
cuboid > 15
0.000269,0.016827,25924.207031,0.722062,0.016215,0.231643,0.722062,0.034484,0.035625,0.000047,-0.032847,0.000000
0.001359,0.047394,12130.393555,1.701629,0.039641,0.517655,1.701629,0.063458,0.064416,0.000223,-0.056833,-0.194104
0.112141,0.257786,1426.425659,13.102394,0.336260,4.110212,13.102394,0.213279,0.231073,0.019502,-0.149547,-2.032215
0.007716,0.139868,5220.956543,3.811492,0.105847,1.295363,3.811492,0.149707,0.162462,0.001932,-0.117610,-0.177694
0.220185,0.042346,12.366367,2.569544,0.106213,0.939850,2.569544,-0.016020,-0.014451,0.031061,0.028012,-0.346681
cuboid > 16
0.000243,0.002474,28690.990234,0.737095,0.015416,0.217504,0.737095,0.029208,0.029605,0.000031,-0.029094,0.000000
0.001255,0.031957,12192.105469,1.561521,0.035613,0.472764,1.561521,0.056049,0.057140,0.000194,-0.052714,-0.203989
24.405170,2.225025,-1.931715,18.447947,4.996946,10.762170,18.447947,-3.036059,-2.977647,3.106480,3.359307,-944.034546
0.011392,0.058378,4140.335449,4.086096,0.099584,1.266484,4.086096,0.107528,0.110187,0.001648,-0.098451,-0.373168
0.257858,0.044682,39.128059,3.044275,0.122240,1.102841,3.044275,-0.013501,-0.011808,0.035588,0.026133,-0.308605
cuboid > 17
0.003286,0.038788,5784.349609,1.998213,0.053732,0.648691,1.998213,0.072823,0.074266,0.000463,-0.068533,-0.186266
0.000759,0.012989,12053.349609,0.984930,0.025926,0.317597,0.984930,0.042502,0.042993,0.000102,-0.041323,-0.046040
0.302759,0.047676,52.910713,3.379879,0.165967,1.300199,3.379879,0.001134,0.003377,0.042215,0.016897,-0.598014
0.000250,0.002663,27000.994141,0.721701,0.015764,0.217943,0.721701,0.029898,0.030428,0.000034,-0.029682,0.000000
0.029086,0.071869,2088.797607,5.123663,0.151370,1.722044,5.123663,0.133953,0.138770,0.005547,-0.109667,-0.689484
cuboid > 18
0.001015,0.028001,12104.384766,1.237928,0.032698,0.405036,1.237928,0.055350,0.056775,0.000176,-0.050607,-0.162034
5.289782,1.819338,60.592220,22.194979,2.274255,10.221688,22.194979,-0.419103,-0.355730,0.758249,0.812681,-371.469879
0.008506,0.068005,3981.810303,3.013425,0.090067,1.014254,3.013425,0.107406,0.110097,0.001541,-0.091114,-0.514686
0.282411,0.057856,118.628098,3.406857,0.188683,1.344346,3.406857,0.033338,0.036369,0.040220,-0.008393,-0.282574
0.000258,0.003043,25507.884766,0.694065,0.016202,0.217294,0.694065,0.031161,0.031799,0.000039,-0.030481,0.000000
cuboid > 19
0.310358,0.055168,70.360878,3.653144,0.206390,1.453120,3.653144,0.028886,0.032314,0.043878,-0.003132,-0.875683
0.001041,0.017891,12059.306641,1.315529,0.034209,0.422709,1.315529,0.056822,0.058029,0.000178,-0.052103,-0.144617
0.000258,0.002286,26293.019531,0.717834,0.016390,0.221819,0.717834,0.031248,0.031823,0.000037,-0.030659,0.000000
0.004474,0.064342,5720.199707,2.582922,0.072542,0.847614,2.582922,0.098745,0.100947,0.000818,-0.084488,-0.435331
0.027586,0.110320,2092.656982,5.196209,0.157862,1.735327,5.196209,0.147187,0.151288,0.004908,-0.117365,-0.896753
cuboid > 20
0.004072,0.024479,5595.841309,2.365478,0.060123,0.744655,2.365478,0.077224,0.078892,0.000591,-0.072510,-0.107694
0.031306,0.078598,2061.312744,5.634745,0.153932,1.811898,5.634745,0.129321,0.133847,0.005257,-0.109816,-0.454906
0.311237,0.035120,55.200733,3.723268,0.183038,1.458592,3.723268,0.003798,0.006483,0.044217,0.018018,-0.590738
0.001019,0.014355,12053.242188,1.305224,0.030764,0.401684,1.305224,0.048529,0.049217,0.000134,-0.047213,-0.057543
0.000250,0.000650,26723.035156,0.731572,0.015950,0.217662,0.731572,0.029318,0.029512,0.000032,-0.029184,0.000000
cuboid > 21
0.000246,0.004746,27114.292969,0.723816,0.015583,0.217167,0.723816,0.029763,0.030235,0.000033,-0.029552,0.000000
0.001068,0.002818,11446.916016,1.299187,0.030887,0.399944,1.299187,0.047759,0.048367,0.000137,-0.047293,0.000000
0.031218,0.062431,2023.330811,5.713183,0.154539,1.817419,5.713183,0.128035,0.130399,0.004615,-0.112879,-0.427824
0.004612,0.017857,5435.377441,2.606207,0.062412,0.794932,2.606207,0.075907,0.076755,0.000616,-0.073157,-0.069885
0.228347,0.027260,27.829102,2.636158,0.116270,0.998189,2.636158,-0.010302,-0.008887,0.032120,0.022633,-0.378417
cuboid > 22
0.010341,0.170762,4405.602539,4.133812,0.108645,1.308821,4.133812,0.138840,0.148963,0.001957,-0.115439,-1.019430
0.000247,0.000429,27553.679688,0.758142,0.015840,0.220381,0.758142,0.028952,0.029080,0.000030,-0.028952,0.000000
0.236690,0.314073,1056.676147,19.814926,0.533216,6.351897,19.814926,0.276968,0.297626,0.048502,-0.137900,-2.421095
0.145122,0.033295,12.953817,1.971663,0.085168,0.727839,1.971663,-0.000333,0.001429,0.022727,0.016331,-0.869640
0.001275,0.034842,10974.744141,1.499617,0.033540,0.449681,1.499617,0.051801,0.052651,0.000176,-0.049473,-0.152247
cuboid > 23
0.001204,0.004003,11814.666992,1.568649,0.034412,0.470393,1.568649,0.053822,0.055023,0.000165,-0.052576,0.000000
0.005861,0.074512,5141.189941,2.991791,0.074367,0.940350,2.991791,0.097590,0.101923,0.000881,-0.088390,-0.200262
0.091492,0.180020,1569.412720,11.139711,0.328072,3.693730,11.139711,0.240411,0.253006,0.020249,-0.146940,-1.578601
0.000248,0.000495,27422.605469,0.754428,0.015873,0.220235,0.754428,0.029071,0.029219,0.000031,-0.029071,0.000000
0.140023,0.044133,19.359634,2.168207,0.090337,0.790746,2.168207,0.005355,0.007631,0.022932,0.014417,-0.682973
cuboid > 24
0.000224,0.004416,28409.111328,0.665225,0.014207,0.203849,0.665225,0.028597,0.029499,0.000031,-0.028458,0.000000
0.001051,0.013886,11544.653320,0.989531,0.029007,0.340280,0.989531,0.048084,0.050306,0.000339,-0.043024,-0.015006
0.073657,0.159460,1635.666504,9.549405,0.280896,3.187694,9.549405,0.210229,0.221532,0.016353,-0.138077,-1.571815
0.008121,0.056861,5181.677246,3.165842,0.090440,1.054227,3.165842,0.114605,0.122349,0.002505,-0.088455,-0.139469
0.138333,0.052625,27.886412,2.093743,0.094072,0.773916,2.093743,0.009663,0.012134,0.023361,0.010715,-0.781434
cuboid > 25
0.000753,0.010553,12698.727539,0.983220,0.026806,0.324560,0.983220,0.045113,0.045878,0.000112,-0.043148,-0.016679
0.125681,0.053182,48.262356,2.037987,0.102240,0.779291,2.037987,0.023274,0.026414,0.022153,-0.000058,-1.054556
0.003366,0.034388,5836.195801,2.002028,0.056862,0.669565,2.002028,0.078617,0.080599,0.000579,-0.070642,-0.150918
0.000292,0.011047,25571.074219,0.774043,0.017571,0.245214,0.774043,0.035922,0.037232,0.000049,-0.034526,0.000000
0.027772,0.101888,2116.825439,5.013924,0.161068,1.751808,5.013924,0.154167,0.161864,0.006210,-0.115546,-0.534203
cuboid > 26
0.000890,0.009730,12590.501953,1.151350,0.030096,0.374704,1.151350,0.050087,0.051087,0.000145,-0.047341,-0.020720
0.027152,0.069501,2164.788574,5.119318,0.153468,1.716086,5.119318,0.142585,0.147558,0.004942,-0.114572,-0.618888
0.003889,0.035011,5721.555176,2.276742,0.063725,0.757445,2.276742,0.088126,0.090618,0.000680,-0.077837,-0.134292
0.000274,0.006482,26794.033203,0.730606,0.016757,0.228658,0.730606,0.033221,0.034204,0.000043,-0.032276,0.000000
0.134499,0.053538,52.117249,2.345320,0.111338,0.884391,2.345320,0.026067,0.029315,0.022757,-0.002525,-0.720474
cuboid > 27
0.000236,0.006449,27698.236328,0.697987,0.014807,0.211490,0.697987,0.029326,0.030033,0.000031,-0.029260,0.000000
0.000918,0.004824,12129.346680,1.143578,0.028690,0.362826,1.143578,0.045751,0.046438,0.000125,-0.044694,-0.011057
0.034910,0.082613,2108.245361,6.288654,0.170130,2.021899,6.288654,0.145429,0.152498,0.006083,-0.118055,-0.579497
0.003875,0.012413,5700.864258,2.242804,0.060418,0.726789,2.242804,0.079552,0.081210,0.000591,-0.073972,-0.011828
0.142026,0.042425,39.360054,2.318100,0.100767,0.867821,2.318100,0.010792,0.013260,0.023332,0.009688,-0.693690
cuboid > 28
0.000241,0.000340,27988.255859,0.738656,0.015455,0.214399,0.738656,0.028178,0.028280,0.000030,-0.028178,0.000000
0.001196,0.002025,11878.685547,1.461084,0.034167,0.441125,1.461084,0.052496,0.053101,0.000161,-0.050994,0.000000
0.065588,0.161305,1822.486450,9.272623,0.265807,3.059981,9.272623,0.208140,0.221083,0.016863,-0.131297,-1.540215
0.007846,0.029889,5030.309570,3.693314,0.092881,1.161115,3.693314,0.110819,0.113315,0.001628,-0.093001,-0.238188
0.117416,0.031635,17.498322,1.707661,0.079034,0.650261,1.707661,0.005706,0.007637,0.018893,0.010907,-0.545534
cuboid > 29
0.000249,0.000617,27117.951172,0.751690,0.015933,0.220600,0.751690,0.029291,0.029474,0.000031,-0.029291,0.000000
0.001227,0.027466,12142.106445,1.526638,0.033519,0.447144,1.526638,0.050383,0.050710,0.000157,-0.048733,-0.143522
0.042190,0.022117,17.110001,0.953360,0.044028,0.353615,0.953360,0.010098,0.011108,0.006679,-0.003032,-0.287596
0.007679,0.144926,5140.471680,3.807728,0.098218,1.215083,3.807728,0.139954,0.148285,0.001610,-0.111109,-0.554824
0.116996,0.252576,1452.983643,13.953583,0.365157,4.431535,13.953583,0.252214,0.269694,0.021903,-0.165641,-1.769509
cuboid > 30
0.001083,0.024081,11784.738281,1.371960,0.031259,0.412966,1.371960,0.049015,0.049693,0.000141,-0.047456,-0.110345
0.110090,0.208608,1433.266235,12.824067,0.336708,4.093158,12.824067,0.220562,0.234063,0.021998,-0.143644,-0.877038
0.006323,0.049553,5359.166016,3.446971,0.082246,1.075568,3.446971,0.108269,0.113896,0.001017,-0.096992,-0.067113
0.040054,0.030679,16.397678,0.924505,0.045427,0.351621,0.924505,0.011448,0.012547,0.006679,-0.003072,-0.429053
0.000229,0.003125,29061.958984,0.716505,0.014687,0.214375,0.716505,0.029305,0.030238,0.000031,-0.029305,0.000000
cuboid > 31
0.007427,0.067395,5014.872070,3.352791,0.085758,1.067542,3.352791,0.109776,0.114682,0.001516,-0.091619,-0.280203
0.000964,0.023580,11681.330078,1.212294,0.028581,0.371950,1.212294,0.045157,0.045669,0.000119,-0.044255,-0.097939
0.053173,0.023618,15.488069,1.125970,0.048631,0.407018,1.125970,0.008117,0.009190,0.007984,-0.001203,-0.196805
0.096945,0.161747,1373.608765,11.010324,0.303158,3.559752,11.010324,0.200437,0.209434,0.016592,-0.144346,-1.286349
0.000247,0.004645,26691.031250,0.724814,0.015667,0.217483,0.724814,0.029701,0.030079,0.000033,-0.029448,0.000000
cuboid > 32
0.000238,0.000787,26654.796875,0.671458,0.015232,0.204240,0.671458,0.028178,0.028413,0.000030,-0.028178,0.000000
0.000616,0.011578,14196.017578,0.816978,0.024188,0.281826,0.816978,0.042365,0.043504,0.000168,-0.038637,-0.017420
0.049867,0.023800,26.534405,1.051995,0.049746,0.389451,1.051995,0.011085,0.012132,0.007486,-0.003754,-0.314715
0.002112,0.015697,6618.913574,1.428460,0.043301,0.490617,1.428460,0.061534,0.062589,0.000323,-0.058275,-0.073033
0.036129,0.134493,2199.819824,6.591875,0.187116,2.210084,6.591875,0.168684,0.178311,0.007304,-0.128706,-0.705793
cuboid > 33
0.000251,0.002197,26668.845703,0.712174,0.015405,0.216114,0.712174,0.029368,0.030026,0.000034,-0.029368,0.000000
0.000467,0.001470,14202.636719,0.708742,0.020392,0.241395,0.708742,0.035060,0.035500,0.000060,-0.034955,0.000000
0.044970,0.023013,26.187723,1.037751,0.049892,0.388535,1.037751,0.013264,0.014481,0.007271,-0.004962,-0.244566
0.001930,0.010957,6485.029297,1.316181,0.040332,0.455040,1.316181,0.056785,0.057374,0.000248,-0.055692,-0.046827
0.041718,0.072819,2139.311279,7.005549,0.195005,2.319071,7.005549,0.164703,0.174203,0.007698,-0.128544,-0.134081
cuboid > 34
0.000736,0.000264,13075.090820,0.937243,0.024480,0.298196,0.937243,0.038558,0.038637,0.000092,-0.038369,0.000000
0.000230,0.001803,27041.025391,0.675131,0.014724,0.203726,0.675131,0.028178,0.028716,0.000030,-0.028178,0.000000
0.072316,0.172406,1706.579712,9.956798,0.265826,3.194431,9.956798,0.201221,0.212909,0.014175,-0.140763,-1.014101
0.004371,0.021460,5557.347656,2.165365,0.066239,0.752931,2.165365,0.089350,0.092884,0.000963,-0.075352,-0.054303
0.046710,0.021413,20.735485,1.051357,0.046850,0.388993,1.051357,0.010490,0.011682,0.007408,-0.002358,-0.240140
cuboid > 35
0.000222,0.002841,28962.060547,0.680348,0.014205,0.204545,0.680348,0.028178,0.029026,0.000030,-0.028178,0.000000
0.000996,0.036397,11598.822266,1.328044,0.030602,0.411176,1.328044,0.050821,0.052206,0.000132,-0.048833,-0.129443
0.035991,0.015501,11.707466,0.814534,0.040156,0.315624,0.814534,0.009176,0.010121,0.005616,-0.002713,-0.180249
0.010355,0.217699,4788.528320,4.813146,0.114715,1.554796,4.813146,0.158369,0.171400,0.002539,-0.123629,-0.221145
0.148427,0.386408,1313.737671,16.103849,0.429293,5.201044,16.103849,0.288601,0.312045,0.029439,-0.169688,-1.614712
