cuboid > 1
0.000966,0.003146,12361.537109,1.269760,0.031523,0.390100,1.269760,0.050897,0.051556,0.000147,-0.048158,0.000000
0.129379,0.013065,14.418153,1.411855,0.087916,0.581509,1.411855,-0.002153,-0.001749,0.016808,0.006481,-0.222487
0.000260,0.003619,28567.154297,0.796829,0.016504,0.232709,0.796829,0.031908,0.032525,0.000034,-0.031598,0.000000
0.004462,0.045511,5247.651367,2.286762,0.058236,0.710600,2.286762,0.074195,0.075468,0.000632,-0.068747,-0.401617
0.053710,0.077598,1708.801880,7.805199,0.204848,2.412090,7.805199,0.143068,0.144597,0.007509,-0.123856,-1.115199
cuboid > 2
0.001260,0.007887,12061.044922,1.599232,0.034742,0.476069,1.599232,0.052572,0.053303,0.000159,-0.052080,-0.021727
0.128761,0.012147,20.030838,1.581363,0.093797,0.639295,1.581363,-0.000550,-0.000078,0.016681,0.004671,-0.186317
0.004779,0.012334,5727.047852,2.833168,0.067426,0.864988,2.833168,0.083177,0.084198,0.000650,-0.079101,-0.205227
0.000243,0.000181,28058.937500,0.744709,0.015534,0.215429,0.744709,0.028178,0.028232,0.000030,-0.028178,0.000000
0.042741,0.080018,1937.356812,7.058927,0.179047,2.183983,7.058927,0.134730,0.136979,0.005855,-0.119682,-0.909951
cuboid > 3
0.003947,0.010759,5563.473145,2.247358,0.056925,0.705414,2.247358,0.071570,0.072470,0.000517,-0.069610,0.000000
0.000248,0.002882,27482.484375,0.735524,0.015642,0.218350,0.735524,0.029421,0.029849,0.000033,-0.029231,0.000000
0.182111,0.015845,55.572784,2.675130,0.149174,1.075905,2.675130,0.009131,0.009862,0.023546,-0.003944,-0.139459
0.026549,0.027458,1973.080933,4.658301,0.133274,1.529251,4.658301,0.108161,0.109079,0.003432,-0.104243,-0.136265
0.000946,0.006412,11779.942383,1.180103,0.029200,0.369104,1.180103,0.046024,0.046495,0.000127,-0.045038,-0.010762
cuboid > 4
0.210543,0.027297,54.836700,3.151763,0.195799,1.290450,3.151763,0.030682,0.032788,0.028107,-0.015874,-0.190551
0.001007,0.021227,12099.850586,1.288093,0.033025,0.413341,1.288093,0.055907,0.057267,0.000166,-0.051865,-0.060877
0.031382,0.107133,1967.541748,5.189798,0.162903,1.770364,5.189798,0.153577,0.160129,0.005375,-0.123845,-0.427836
0.003597,0.063037,5738.782227,2.139428,0.062011,0.714803,2.139428,0.090326,0.093497,0.000665,-0.078911,-0.256907
0.000268,0.003988,26595.414062,0.733882,0.016937,0.229218,0.733882,0.033062,0.033843,0.000041,-0.032071,0.000000
cuboid > 5
0.000926,0.030951,12387.967773,1.242974,0.031683,0.404521,1.242974,0.056322,0.058519,0.000156,-0.052136,-0.095341
0.180672,0.030161,63.003292,2.619263,0.184233,1.095776,2.619263,0.040051,0.042327,0.024658,-0.023281,-0.345790
0.003626,0.058023,5585.220215,2.090898,0.062376,0.714138,2.090898,0.089932,0.092804,0.000653,-0.079389,-0.280961
0.000270,0.006699,27010.359375,0.750658,0.016943,0.233350,0.750658,0.033331,0.034246,0.000043,-0.032251,0.000000
0.030140,0.160178,2049.354736,5.442789,0.174726,1.898400,5.442789,0.173716,0.182139,0.006061,-0.132032,-0.947931
cuboid > 6
0.000244,0.000480,27439.242188,0.722798,0.015591,0.213338,0.722798,0.028549,0.028692,0.000031,-0.028426,0.000000
0.000956,0.014252,11508.607422,1.200518,0.030004,0.376394,1.200518,0.048292,0.048972,0.000134,-0.046364,-0.055464
0.003900,0.030351,5410.139648,2.165526,0.058220,0.700150,2.165526,0.076628,0.078377,0.000640,-0.069870,-0.236873
0.191779,0.017958,55.270164,2.819538,0.163759,1.140151,2.819538,0.014972,0.016168,0.024881,-0.006546,-0.084101
0.032546,0.069359,1937.279053,5.462227,0.163571,1.841576,5.462227,0.142775,0.148040,0.005829,-0.115314,-0.343521
cuboid > 7
0.001048,0.000765,11652.064453,1.302139,0.030609,0.394434,1.302139,0.046057,0.046148,0.000135,-0.045524,0.000000
0.004528,0.004128,5469.135742,2.516946,0.059353,0.755655,2.516946,0.069269,0.069359,0.000575,-0.068240,-0.067707
0.000243,0.000197,27809.148438,0.734978,0.015526,0.214012,0.734978,0.028178,0.028237,0.000030,-0.028178,0.000000
0.144708,0.012227,30.094097,2.110653,0.108798,0.820132,2.110653,0.001482,0.001996,0.018645,0.002470,-0.064932
0.046440,0.056739,1847.920898,7.355268,0.184633,2.272153,7.355268,0.127930,0.129497,0.006586,-0.116248,-0.478894
cuboid > 8
0.000258,0.000000,28463.978516,0.788247,0.016532,0.227822,0.788247,0.029814,0.029814,0.000035,-0.029271,0.000000
0.001301,0.012057,11834.124023,1.540960,0.037103,0.474164,1.540960,0.058343,0.059077,0.000222,-0.053849,0.000000
0.052556,0.203353,1740.680664,8.096231,0.230960,2.597158,8.096231,0.179964,0.184637,0.009263,-0.136000,-1.920303
0.005327,0.040981,5208.332031,2.706174,0.072171,0.850514,2.706174,0.091185,0.092365,0.000865,-0.080753,-0.143369
0.245111,0.039169,16.475250,2.124812,0.110426,0.817834,2.124812,-0.011180,-0.009962,0.033541,0.021926,-0.774556
cuboid > 9
0.000252,0.008181,28181.560547,0.753313,0.015572,0.223199,0.753313,0.029960,0.030592,0.000036,-0.029590,0.000000
0.001162,0.004874,12458.057617,1.493446,0.033354,0.445921,1.493446,0.051050,0.051529,0.000151,-0.050165,0.000000
0.271343,0.045752,29.792372,2.678059,0.139516,1.034150,2.678059,-0.008188,-0.006611,0.037916,0.022573,-0.654962
0.005193,0.048163,5601.530273,3.021250,0.071340,0.921350,3.021250,0.088617,0.089905,0.000731,-0.082567,-0.165904
0.036160,0.074934,2017.043945,6.481931,0.173657,2.054883,6.481931,0.137742,0.139624,0.005469,-0.119684,-1.023611
cuboid > 10
0.003762,0.011395,5657.834473,2.200733,0.057398,0.702136,2.200733,0.073895,0.074941,0.000509,-0.070976,-0.071240
0.000248,0.001148,27106.248047,0.715204,0.015703,0.215017,0.715204,0.029261,0.029603,0.000033,-0.029062,0.000000
0.000949,0.008624,11824.248047,1.176882,0.029249,0.367709,1.176882,0.045881,0.046269,0.000126,-0.044817,-0.033259
0.435010,0.056597,76.661812,5.049094,0.258925,1.986567,5.049094,-0.003137,-0.000142,0.060882,0.027844,-0.730131
0.033565,0.040408,2068.385010,6.006998,0.161851,1.920580,6.006998,0.129989,0.132079,0.005059,-0.114909,-0.337598
cuboid > 11
0.001045,0.012754,12284.553711,1.344873,0.033651,0.428431,1.344873,0.056413,0.057838,0.000165,-0.052948,-0.026695
0.003937,0.049067,5843.263672,2.349939,0.067590,0.786113,2.349939,0.097366,0.100710,0.000715,-0.084814,-0.175356
0.464388,0.078496,71.665085,5.385071,0.325792,2.217854,5.385071,0.032037,0.038060,0.071171,0.019851,-0.822411
0.033905,0.134572,2052.809570,6.088615,0.181712,2.041051,6.088615,0.167059,0.173828,0.006445,-0.128948,-0.721604
0.000257,0.011197,27790.677734,0.722262,0.015698,0.229041,0.722262,0.033438,0.034997,0.000042,-0.032576,0.000000
cuboid > 12
0.000856,0.008647,12487.802734,1.085736,0.029996,0.361501,1.085736,0.051513,0.052901,0.000157,-0.047799,-0.010728
0.043727,0.165605,1938.153564,6.911454,0.218610,2.377738,6.911454,0.196685,0.205951,0.009859,-0.135770,-1.992504
0.004159,0.070852,5805.593262,2.323020,0.069597,0.786439,2.323020,0.099097,0.102283,0.000940,-0.083139,-0.364529
0.000292,0.011596,25920.759766,0.767317,0.017997,0.245058,0.767317,0.036755,0.038171,0.000053,-0.034745,-0.036563
0.460617,0.074991,74.634560,5.163168,0.317937,2.116934,5.163168,0.036902,0.042243,0.068287,0.012771,-1.049404
cuboid > 13
0.000252,0.002897,27119.576172,0.730284,0.016138,0.225342,0.730284,0.031716,0.032580,0.000037,-0.031033,0.000000
0.001003,0.024377,11392.708008,1.188018,0.032024,0.388229,1.188018,0.053376,0.054549,0.000185,-0.048659,-0.091908
0.004351,0.043699,5510.816406,2.351018,0.067856,0.788095,2.351018,0.093920,0.097662,0.000919,-0.080671,-0.231154
0.515737,0.073620,68.917526,6.098033,0.314699,2.415714,6.098033,0.009187,0.014739,0.076716,0.040861,-0.998633
0.038252,0.141966,1975.383423,6.473492,0.198110,2.196677,6.473492,0.181810,0.191413,0.008077,-0.132135,-1.422555
cuboid > 14
0.000244,0.000000,26883.089844,0.718051,0.015625,0.211438,0.718051,0.028178,0.028178,0.000030,-0.028178,0.000000
0.001050,0.000000,11652.749023,1.295821,0.030677,0.391874,1.295821,0.045751,0.045751,0.000132,-0.045376,0.000000
0.048574,0.073590,1928.138672,8.084449,0.206359,2.517347,8.084449,0.152314,0.155604,0.007761,-0.127216,-0.860231
0.004684,0.046702,5541.631836,2.666607,0.063936,0.812338,2.666607,0.079220,0.080121,0.000646,-0.074104,-0.392445
0.418927,0.052222,43.458622,4.726344,0.213693,1.775800,4.726344,-0.022637,-0.020512,0.058960,0.043376,-0.452598
cuboid > 15
0.000248,0.009138,29501.638672,0.793994,0.015655,0.228904,0.793994,0.030009,0.030464,0.000031,-0.030009,0.000000
0.001063,0.009097,12195.629883,1.354831,0.031975,0.415644,1.354831,0.050900,0.051567,0.000146,-0.049294,0.000000
0.036084,0.066517,1922.248169,6.119061,0.172961,2.009502,6.119061,0.143692,0.147744,0.006451,-0.116894,-0.370887
0.004130,0.025040,5613.809082,2.404534,0.061549,0.768044,2.404534,0.082214,0.084237,0.000659,-0.075749,-0.057067
0.281383,0.039921,15.054197,2.299353,0.101113,0.835851,2.299353,-0.021629,-0.020271,0.041485,0.034917,-0.333862
cuboid > 16
0.000249,0.000571,26954.298828,0.728986,0.015780,0.215927,0.728986,0.028885,0.029056,0.000031,-0.028885,0.000000
0.001214,0.016057,12082.336914,1.511287,0.033998,0.454831,1.511287,0.052737,0.053456,0.000162,-0.051451,-0.017864
0.041484,0.081773,1892.480469,6.955827,0.190577,2.232186,6.955827,0.150231,0.153924,0.006824,-0.126233,-0.710690
0.004893,0.015930,5528.850098,2.778185,0.066711,0.854123,2.778185,0.081033,0.082140,0.000689,-0.076849,-0.090989
0.287038,0.045872,26.080420,2.620066,0.116745,0.964557,2.620066,-0.014821,-0.013137,0.041898,0.029304,-0.379832
cuboid > 17
0.004012,0.010527,5619.205078,2.305394,0.059390,0.724368,2.305394,0.074887,0.075620,0.000551,-0.071499,-0.049571
0.000988,0.006795,11838.763672,1.226590,0.029826,0.383353,1.226590,0.047439,0.048108,0.000134,-0.046351,0.000000
0.399594,0.054036,47.955738,3.930072,0.186843,1.485972,3.930072,-0.017185,-0.015081,0.055534,0.034617,-0.757171
0.000243,0.003371,26712.076172,0.694798,0.015423,0.212498,0.694798,0.029793,0.030381,0.000033,-0.029483,0.000000
0.036107,0.051596,2065.827637,6.474731,0.169947,2.050771,6.474731,0.135382,0.138121,0.005571,-0.117298,-0.482970
cuboid > 18
0.000874,0.011904,12308.341797,1.123952,0.029342,0.359770,1.123952,0.048578,0.049428,0.000125,-0.046503,-0.029400
0.024025,0.091244,2096.457764,4.529933,0.146985,1.576746,4.529933,0.142373,0.146879,0.003991,-0.119412,-0.497471
0.003743,0.043072,5808.001465,2.204696,0.062073,0.727726,2.204696,0.085431,0.087311,0.000585,-0.077515,-0.208459
0.443043,0.056206,53.644829,4.503692,0.225773,1.725946,4.503692,-0.007097,-0.003939,0.062881,0.033958,-0.552892
0.000267,0.004828,25749.345703,0.712705,0.016627,0.222767,0.712705,0.032227,0.032926,0.000041,-0.031351,0.000000
cuboid > 19
0.423640,0.071120,66.050636,5.144755,0.239304,1.940709,5.144755,-0.002694,0.000854,0.062632,0.034863,-0.798548
0.000702,0.013643,13775.604492,1.026507,0.027255,0.333652,1.026507,0.047224,0.048276,0.000109,-0.044842,-0.026194
0.000258,0.006900,25965.224609,0.711348,0.016159,0.222424,0.711348,0.031723,0.032572,0.000037,-0.031064,-0.016447
0.002402,0.054964,6647.986328,1.662261,0.049970,0.572086,1.662261,0.076820,0.079499,0.000428,-0.068993,-0.143066
0.022782,0.113451,2427.872559,4.824700,0.147068,1.640045,4.824700,0.147352,0.152761,0.004120,-0.119722,-0.825574
cuboid > 20
0.003948,0.077270,5528.734863,2.247107,0.059338,0.725920,2.247107,0.080732,0.083001,0.000621,-0.073442,-0.252105
0.041343,0.137393,1965.106934,6.805054,0.190510,2.224307,6.805054,0.159660,0.165234,0.007339,-0.125711,-1.056466
0.497147,0.062127,45.198700,5.953423,0.253874,2.207768,5.953423,-0.023476,-0.019965,0.072134,0.056930,-0.716208
0.000871,0.010077,12166.168945,1.116748,0.028491,0.353456,1.116748,0.046254,0.046864,0.000118,-0.044847,-0.012475
0.000248,0.011349,26924.757812,0.718717,0.015562,0.217947,0.718717,0.030453,0.031130,0.000032,-0.030323,0.000000
cuboid > 21
0.000244,0.000000,27510.591797,0.734811,0.015625,0.214017,0.734811,0.028178,0.028178,0.000030,-0.028178,0.000000
0.001025,0.011385,11890.659180,1.292863,0.030554,0.397146,1.292863,0.047417,0.047896,0.000132,-0.046517,-0.031364
0.060114,0.142866,1752.114380,8.421317,0.234116,2.720629,8.421317,0.176374,0.182693,0.012550,-0.125962,-0.875805
0.005203,0.018816,5285.629395,2.714073,0.063833,0.821162,2.714073,0.073906,0.074208,0.000651,-0.072693,-0.069168
0.386769,0.064530,33.334949,4.309705,0.187310,1.594168,4.309705,-0.021616,-0.018631,0.056672,0.046345,-1.047481
cuboid > 22
0.005221,0.013765,5317.807129,2.818474,0.068586,0.869050,2.818474,0.083907,0.085187,0.000813,-0.076864,-0.080655
0.000244,0.000000,28662.867188,0.765571,0.015625,0.218750,0.765571,0.028178,0.028178,0.000030,-0.028178,0.000000
0.064848,0.247748,1915.128662,10.345264,0.280218,3.325060,10.345264,0.229255,0.240987,0.013899,-0.151523,-1.331203
0.195461,0.048497,13.910082,2.273254,0.100220,0.848936,2.273254,-0.008905,-0.006586,0.032945,0.029897,-0.846530
0.001313,0.002124,11508.055664,1.590739,0.035522,0.476068,1.590739,0.053254,0.053889,0.000174,-0.052138,0.000000
cuboid > 23
0.001221,0.032570,11696.565430,1.279377,0.038127,0.450777,1.279377,0.067808,0.071036,0.000331,-0.057433,0.000000
0.004592,0.077967,5523.610840,2.572532,0.076001,0.879431,2.572532,0.110616,0.115828,0.001176,-0.087106,-0.412025
0.065382,0.160438,1831.199829,9.489655,0.276967,3.151978,9.489655,0.230603,0.244829,0.016262,-0.143948,-1.007245
0.000244,0.000000,27625.542969,0.737872,0.015625,0.214489,0.737872,0.028178,0.028178,0.000030,-0.028178,0.000000
0.178263,0.040188,14.967012,2.318493,0.099626,0.857597,2.318493,-0.004015,-0.001719,0.028711,0.024402,-0.476609
cuboid > 24
0.000235,0.003238,26288.634766,0.657328,0.014977,0.204411,0.657328,0.029430,0.030189,0.000032,-0.029291,0.000000
0.000970,0.024663,12305.161133,1.187606,0.030126,0.380112,1.187606,0.050377,0.051719,0.000154,-0.047978,0.000000
0.049951,0.108461,2028.829712,7.773653,0.217510,2.562476,7.773653,0.176464,0.185533,0.011889,-0.121813,-0.469542
0.004000,0.030979,5660.125488,2.355849,0.065198,0.768147,2.355849,0.089408,0.091770,0.000708,-0.079301,-0.334499
0.190049,0.050545,20.949364,2.289647,0.109516,0.877314,2.289647,-0.002741,-0.000369,0.031046,0.023682,-0.522886
cuboid > 25
0.000863,0.019315,12718.693359,1.017608,0.028642,0.342100,1.017608,0.049494,0.051423,0.000159,-0.045902,0.000000
0.218528,0.058849,31.931664,2.669378,0.128829,1.012711,2.669378,0.003112,0.005912,0.036261,0.021829,-0.667864
0.004048,0.059080,5827.200684,2.323021,0.067823,0.789411,2.323021,0.097412,0.102043,0.000828,-0.083864,-0.073270
0.000242,0.004472,24818.724609,0.635449,0.015340,0.201055,0.635449,0.029025,0.029378,0.000033,-0.028744,0.000000
0.027914,0.067501,2180.555908,5.424596,0.165495,1.844463,5.424596,0.154730,0.159864,0.004983,-0.125411,-0.300787
cuboid > 26
0.000564,0.010988,13856.594727,0.806541,0.023616,0.278290,0.806541,0.041920,0.042756,0.000090,-0.039954,0.000000
0.053273,0.127809,1955.000000,8.187201,0.224615,2.681156,8.187201,0.183035,0.192787,0.010823,-0.134031,-0.546694
0.003588,0.034106,6395.847168,2.109737,0.062403,0.716666,2.109737,0.088901,0.092161,0.000845,-0.075517,-0.093101
0.000293,0.007118,24761.486328,0.705836,0.016927,0.228164,0.705836,0.033383,0.034624,0.000054,-0.032330,0.000000
0.206458,0.055945,34.239075,2.798678,0.134964,1.067649,2.798678,0.009143,0.012272,0.033779,0.017712,-0.668329
cuboid > 27
0.000244,0.000000,25450.037109,0.679780,0.015625,0.205552,0.679780,0.028178,0.028178,0.000030,-0.028178,0.000000
0.000885,0.003227,11658.106445,1.065874,0.027943,0.340770,1.065874,0.044277,0.044786,0.000117,-0.043485,0.000000
0.097334,0.160893,1557.822021,12.509066,0.315319,3.913380,12.509066,0.204669,0.213198,0.017154,-0.148768,-0.851688
0.006813,0.052725,4866.026855,3.211457,0.080694,1.000833,3.211457,0.097909,0.099989,0.001094,-0.089084,-0.278320
0.222811,0.043325,23.999025,2.898927,0.132875,1.104652,2.898927,-0.002485,0.000222,0.037020,0.026156,-0.658808
cuboid > 28
0.000244,0.000000,26588.332031,0.710175,0.015625,0.210227,0.710175,0.028178,0.028178,0.000030,-0.028178,0.000000
0.001107,0.000971,11358.786133,1.345228,0.031822,0.409895,1.345228,0.048177,0.048467,0.000142,-0.047522,0.000000
0.073882,0.110213,1650.553467,9.910046,0.260881,3.156609,9.910046,0.181893,0.189191,0.013548,-0.135022,-0.945233
0.005417,0.062890,5133.676758,2.752048,0.069880,0.887348,2.752048,0.091766,0.095794,0.000845,-0.084281,-0.136461
0.195944,0.046537,19.398609,2.544442,0.121651,0.983534,2.544442,0.000838,0.003618,0.032499,0.023737,-0.558023
cuboid > 29
0.000244,0.001265,28398.822266,0.771780,0.015588,0.223140,0.771780,0.029252,0.029629,0.000031,-0.029252,0.000000
0.001236,0.016508,11688.313477,1.542548,0.034364,0.459715,1.542548,0.052072,0.052622,0.000171,-0.050281,-0.079873
0.044406,0.013482,14.472201,0.946927,0.041665,0.354856,0.946927,0.005512,0.006123,0.006252,-0.001294,-0.076944
0.005148,0.029585,5490.893066,2.932637,0.068953,0.890583,2.932637,0.087352,0.089365,0.000729,-0.081255,-0.183507
0.055641,0.195273,1884.058105,9.383627,0.238809,2.932703,9.383627,0.188421,0.196437,0.009312,-0.147847,-0.433676
cuboid > 30
0.000937,0.025276,12834.236328,1.284928,0.029881,0.392004,1.284928,0.049123,0.050083,0.000120,-0.047468,-0.089891
0.069656,0.119195,1708.059204,10.202367,0.260586,3.224837,10.202367,0.188169,0.196336,0.011608,-0.144740,-0.254488
0.004379,0.022569,5567.245117,2.638235,0.067716,0.833917,2.638235,0.092978,0.096279,0.000660,-0.084851,0.000000
0.037621,0.009394,14.473865,0.889514,0.041882,0.340953,0.889514,0.008135,0.008855,0.005578,-0.003153,-0.052225
0.000215,0.003720,31845.822266,0.699727,0.013765,0.207589,0.699727,0.028178,0.029288,0.000030,-0.028178,0.000000
cuboid > 31
0.005302,0.032639,5405.459961,3.045215,0.074187,0.963194,3.045215,0.098274,0.103011,0.000965,-0.085316,-0.062427
0.001132,0.015136,11865.228516,1.370954,0.032968,0.422424,1.370954,0.051091,0.051666,0.000180,-0.048117,-0.053829
0.042863,0.015426,14.577528,0.884730,0.044780,0.346646,0.884730,0.007848,0.008656,0.006028,-0.003292,-0.069058
0.048170,0.077859,1945.012573,8.055905,0.220654,2.616997,8.055905,0.184098,0.192764,0.008669,-0.141020,-0.493247
0.000244,0.000000,25996.455078,0.694378,0.015625,0.207796,0.694378,0.028178,0.028178,0.000030,-0.028178,0.000000
cuboid > 32
0.000241,0.000455,29020.201172,0.757160,0.015398,0.217385,0.757160,0.028178,0.028314,0.000030,-0.028178,0.000000
0.000441,0.000881,16974.154297,0.765307,0.019955,0.245948,0.765307,0.033978,0.034099,0.000054,-0.033883,0.000000
0.050938,0.016319,24.862583,1.148290,0.050110,0.420163,1.148290,0.009049,0.009969,0.007433,-0.002836,-0.223152
0.001439,0.031832,8631.913086,1.309528,0.037230,0.440996,1.309528,0.057389,0.058817,0.000203,-0.054662,-0.082451
0.013999,0.062176,3300.068115,4.241550,0.109238,1.354644,4.241550,0.117884,0.122649,0.002143,-0.103518,-0.273154
cuboid > 33
0.000251,0.000925,25638.343750,0.697431,0.016088,0.214055,0.697431,0.029847,0.030123,0.000034,-0.029477,0.000000
0.000530,0.001030,13851.256836,0.764721,0.022360,0.261524,0.764721,0.037731,0.038039,0.000074,-0.036952,0.000000
0.041997,0.015549,17.742815,0.958105,0.046511,0.367621,0.958105,0.009688,0.010646,0.006286,-0.003687,-0.123507
0.003016,0.058098,6433.763184,1.953301,0.054389,0.651834,1.953301,0.079065,0.081972,0.000575,-0.071063,-0.108315
0.045034,0.161016,2012.516968,7.834220,0.204976,2.503223,7.834220,0.176506,0.185458,0.007470,-0.138260,-0.800548
cuboid > 34
0.000808,0.019165,12434.605469,1.088882,0.027526,0.350747,1.088882,0.047588,0.049228,0.000123,-0.046067,0.000000
0.000236,0.001082,29359.726562,0.724166,0.015084,0.212380,0.724166,0.028178,0.028501,0.000030,-0.028178,0.000000
0.076584,0.150532,1595.198120,10.518787,0.280862,3.400542,10.518787,0.208024,0.220425,0.014855,-0.147596,-0.764716
0.008120,0.052196,5125.494141,3.612999,0.091492,1.171601,3.612999,0.115507,0.123118,0.002069,-0.094803,0.000000
0.048980,0.013909,12.733620,0.966104,0.044929,0.365160,0.966104,0.005425,0.006156,0.007245,0.000088,-0.096535
cuboid > 35
0.000244,0.001008,27354.216797,0.743502,0.015625,0.218302,0.743502,0.029087,0.029388,0.000031,-0.029087,0.000000
0.001222,0.005367,11420.984375,1.484169,0.033159,0.446534,1.484169,0.050568,0.051198,0.000158,-0.050063,0.000000
0.045028,0.012941,12.425125,0.850849,0.044131,0.336198,0.850849,0.006498,0.007268,0.006637,-0.001138,-0.040678
0.004219,0.021291,4998.828613,2.131249,0.056057,0.679408,2.131249,0.069378,0.070612,0.000546,-0.067630,-0.165061
0.090642,0.173270,1565.578125,11.213188,0.286642,3.518953,11.213188,0.185425,0.193089,0.014920,-0.139872,-0.771984
