cuboid > 1
0.001324,0.027174,11096.004883,1.544526,0.033601,0.465353,1.544526,0.052525,0.053643,0.000167,-0.051708,-0.066441
0.040286,0.001654,19.850286,0.987381,0.045411,0.371582,0.987381,0.006687,0.006770,0.005012,-0.006082,-0.011161
0.000254,0.000000,28018.343750,0.764916,0.016276,0.222656,0.764916,0.029352,0.029352,0.000034,-0.028962,0.000000
0.006253,0.004030,5445.178711,3.327769,0.074277,0.990789,3.327769,0.084939,0.085898,0.000799,-0.082946,0.000000
0.061669,0.037501,1605.559082,8.522346,0.212645,2.634736,8.522346,0.136868,0.138962,0.008100,-0.126952,-0.342691
cuboid > 2
0.000967,0.004639,11965.404297,1.235338,0.029125,0.374465,1.235338,0.044469,0.044614,0.000120,-0.044157,-0.025327
0.049831,0.005109,30.808260,1.179605,0.058801,0.455302,1.179605,0.011066,0.011252,0.006243,-0.009894,-0.048422
0.004930,0.017908,5286.242188,2.587329,0.063929,0.798253,2.587329,0.076880,0.077890,0.000673,-0.073517,-0.149497
0.000247,0.000320,28203.812500,0.758363,0.015785,0.219711,0.758363,0.028756,0.028851,0.000031,-0.028660,0.000000
0.047077,0.035605,1818.988159,7.410399,0.188191,2.313731,7.410399,0.131134,0.132724,0.006269,-0.121704,-0.227196
cuboid > 3
0.005243,0.024969,5139.892090,2.686757,0.071695,0.869289,2.686757,0.091642,0.093738,0.000865,-0.082034,-0.147557
0.000253,0.003856,27516.843750,0.736275,0.016021,0.221225,0.736275,0.030350,0.030733,0.000035,-0.029839,0.000000
0.080648,0.004618,52.880428,1.791920,0.103859,0.739651,1.791920,0.024392,0.024797,0.010136,-0.021489,-0.065433
0.049626,0.067237,1792.399414,7.674556,0.204327,2.447013,7.674556,0.148994,0.152012,0.007275,-0.129247,-0.609686
0.000932,0.007163,11495.146484,1.118741,0.029313,0.357454,1.118741,0.046928,0.047527,0.000138,-0.045054,-0.014972
cuboid > 4
0.101095,0.011253,69.125984,2.171352,0.134497,0.916865,2.171352,0.038205,0.039371,0.013140,-0.030283,-0.069072
0.000897,0.044764,12179.339844,1.177821,0.029536,0.377827,1.177821,0.052060,0.053553,0.000131,-0.048938,-0.173851
0.035656,0.134750,1975.314453,6.343632,0.177144,2.057143,6.343632,0.154714,0.159564,0.005642,-0.127850,-0.568914
0.004525,0.094258,5458.333008,2.577925,0.067202,0.838637,2.577925,0.095958,0.100164,0.000794,-0.084407,-0.288692
0.000252,0.012490,27494.578125,0.729628,0.015510,0.226346,0.729628,0.032239,0.033426,0.000038,-0.031684,0.000000
cuboid > 5
0.000959,0.019742,12461.949219,1.209143,0.031550,0.392044,1.209143,0.053371,0.054746,0.000186,-0.048998,-0.052088
0.099249,0.022467,60.813747,1.991158,0.136770,0.847681,1.991158,0.043089,0.044517,0.013529,-0.030797,-0.200944
0.005218,0.090912,5601.304688,2.866811,0.078559,0.946173,2.866811,0.110016,0.114494,0.001142,-0.089780,-0.402479
0.000261,0.007128,27241.064453,0.729576,0.016241,0.224328,0.729576,0.031530,0.032268,0.000040,-0.030595,-0.019936
0.046225,0.252868,1913.953247,7.677103,0.220045,2.512563,7.677103,0.191005,0.198320,0.008774,-0.138552,-1.627046
cuboid > 6
0.000243,0.002209,27618.626953,0.721813,0.015492,0.215301,0.721813,0.029334,0.029747,0.000031,-0.029225,0.000000
0.000862,0.010016,11554.069336,1.066059,0.027505,0.339168,1.066059,0.044394,0.044946,0.000114,-0.043386,-0.016015
0.003429,0.043713,5492.359375,1.933099,0.053792,0.628951,1.933099,0.072490,0.074207,0.000561,-0.066238,-0.172809
0.112221,0.012969,60.516937,2.100995,0.139795,0.914228,2.100995,0.031498,0.032518,0.015043,-0.022979,-0.178526
0.040039,0.082998,1934.745239,6.647761,0.172134,2.081383,6.647761,0.134577,0.138343,0.006012,-0.115427,-0.572049
cuboid > 7
0.000992,0.000103,11514.209961,1.181808,0.029044,0.362945,1.181808,0.043752,0.043783,0.000126,-0.043339,0.000000
0.004386,0.016976,5294.321289,2.312682,0.057876,0.708178,2.312682,0.068880,0.069063,0.000563,-0.066968,-0.109960
0.000244,0.000000,27775.488281,0.741870,0.015625,0.215104,0.741870,0.028178,0.028178,0.000030,-0.028178,0.000000
0.080779,0.006556,33.281799,1.594110,0.087941,0.651379,1.594110,0.012137,0.012351,0.010208,-0.010212,-0.082167
0.048665,0.024318,1769.253052,7.384799,0.184866,2.283103,7.384799,0.123790,0.124954,0.006435,-0.116577,-0.306398
cuboid > 8
0.000244,0.000000,28237.289062,0.754208,0.015625,0.217002,0.754208,0.028178,0.028178,0.000030,-0.028178,0.000000
0.001214,0.103774,11213.525391,1.475724,0.032305,0.448183,1.475724,0.056142,0.058038,0.000161,-0.051625,-0.300307
0.079251,0.247735,1620.707275,10.491814,0.285486,3.300105,10.491814,0.201885,0.209206,0.016042,-0.136134,-2.522230
0.005442,0.023229,5876.938965,3.244757,0.073948,0.967937,3.244757,0.091946,0.093575,0.000757,-0.085930,-0.182416
0.207691,0.027145,18.689672,2.655608,0.113026,0.969634,2.655608,-0.012597,-0.011793,0.028064,0.022142,-0.242247
cuboid > 9
0.000254,0.000857,27880.353516,0.760945,0.016095,0.223492,0.760945,0.029743,0.029998,0.000036,-0.029359,0.000000
0.001095,0.003536,11983.491211,1.379680,0.031585,0.415655,1.379680,0.047937,0.048258,0.000141,-0.047125,-0.013409
0.231088,0.033536,34.866077,3.018574,0.140853,1.136833,3.018574,-0.004814,-0.003769,0.031553,0.016777,-0.365617
0.004374,0.002126,5542.488281,2.494184,0.060055,0.764988,2.494184,0.072049,0.072433,0.000589,-0.070086,0.000000
0.037309,0.050295,1856.655884,5.921295,0.169227,1.927591,5.921295,0.131015,0.133295,0.005914,-0.112788,-0.766589
cuboid > 10
0.004405,0.021341,5557.364746,2.416805,0.064283,0.780315,2.416805,0.083494,0.085051,0.000728,-0.075448,-0.109745
0.000258,0.003143,26927.865234,0.728906,0.016417,0.223975,0.728906,0.031588,0.032196,0.000037,-0.030943,0.000000
0.000930,0.010101,11858.020508,1.161111,0.030088,0.373510,1.161111,0.049128,0.050061,0.000139,-0.046774,-0.093576
0.286499,0.044857,76.318520,4.071839,0.220807,1.627491,4.071839,0.019688,0.021674,0.039255,-0.001617,-0.514431
0.035269,0.068472,1950.471436,6.014796,0.175974,2.004373,6.014796,0.148823,0.152820,0.005890,-0.124668,-0.354190
cuboid > 11
0.000867,0.012143,12228.594727,1.100629,0.029291,0.359189,1.100629,0.049197,0.050263,0.000135,-0.046565,-0.027971
0.004378,0.054981,5600.176758,2.498595,0.070579,0.837832,2.498595,0.098635,0.102270,0.000826,-0.085321,-0.319759
0.329225,0.048854,83.723778,4.430657,0.280818,1.863095,4.430657,0.044635,0.048270,0.045768,-0.014672,-0.522784
0.029784,0.079303,1962.597412,5.294724,0.162145,1.792299,5.294724,0.146649,0.151027,0.005008,-0.121127,-0.700804
0.000266,0.005355,27035.242188,0.730831,0.016513,0.229948,0.730831,0.033123,0.034202,0.000043,-0.032056,0.000000
cuboid > 12
0.000943,0.027734,12111.220703,1.184166,0.031437,0.386913,1.184166,0.053355,0.054568,0.000162,-0.049084,-0.153589
0.042293,0.194462,2022.274292,7.097227,0.213531,2.373547,7.097227,0.188292,0.195035,0.009437,-0.128687,-2.710023
0.004526,0.059029,5706.346191,2.507310,0.072026,0.831615,2.507310,0.098729,0.101523,0.000959,-0.082165,-0.559789
0.000274,0.006503,26767.390625,0.747084,0.017226,0.236114,0.747084,0.034632,0.035736,0.000045,-0.033266,0.000000
0.299529,0.069552,86.127937,4.214259,0.284801,1.768337,4.214259,0.064422,0.068603,0.043336,-0.022765,-0.973254
cuboid > 13
0.000249,0.003490,27267.197266,0.714668,0.015853,0.219302,0.714668,0.030812,0.031493,0.000035,-0.030394,0.000000
0.000884,0.013596,11358.224609,1.070871,0.028858,0.346756,1.070871,0.047312,0.048006,0.000130,-0.045064,-0.042800
0.003696,0.035913,5432.894531,2.090449,0.058857,0.685169,2.090449,0.081139,0.083132,0.000606,-0.072893,-0.235188
0.300191,0.062732,84.862480,4.282745,0.275972,1.857495,4.282745,0.045180,0.049155,0.044253,-0.008538,-0.769392
0.034688,0.100694,1967.176880,6.093977,0.174148,1.980950,6.093977,0.150294,0.154407,0.005960,-0.120398,-0.981273
cuboid > 14
0.000241,0.003148,27834.839844,0.722665,0.015352,0.213934,0.722665,0.028878,0.029238,0.000032,-0.028645,0.000000
0.000937,0.007595,11494.056641,1.171970,0.028618,0.362876,1.171970,0.044708,0.045069,0.000118,-0.044225,-0.022002
0.045003,0.098308,1842.021973,6.969333,0.190559,2.209056,6.969333,0.143029,0.145796,0.007237,-0.118580,-0.871477
0.004080,0.021250,5394.775879,2.277895,0.057824,0.711190,2.277895,0.072020,0.072757,0.000568,-0.068889,-0.148879
0.219544,0.034139,45.340679,3.340164,0.171581,1.343750,3.340164,0.006735,0.008066,0.030512,0.007577,-0.347278
cuboid > 15
0.000244,0.020680,29032.855469,0.725666,0.015175,0.225249,0.725666,0.032440,0.033850,0.000037,-0.031732,0.000000
0.001107,0.010334,10764.538086,1.277339,0.030646,0.391234,1.277339,0.046104,0.046285,0.000141,-0.045299,-0.039635
0.073630,0.178237,1566.767334,9.257100,0.268800,3.035889,9.257100,0.194686,0.201463,0.013980,-0.136306,-1.801690
0.005618,0.026038,4967.598145,2.537348,0.070346,0.817050,2.537348,0.086989,0.088484,0.001091,-0.076183,-0.117169
0.138710,0.032530,19.040621,2.200490,0.091029,0.795270,2.200490,-0.001583,-0.000553,0.019327,0.011806,-0.430025
cuboid > 16
0.000245,0.001609,28151.306641,0.745574,0.015624,0.218638,0.745574,0.029167,0.029457,0.000032,-0.028973,0.000000
0.001267,0.005433,11425.463867,1.502702,0.034351,0.450470,1.502702,0.050998,0.051253,0.000168,-0.049938,-0.010419
4.912416,1.681697,32.914669,12.129328,2.312927,5.242413,12.129328,-0.486013,-0.460181,0.689493,0.809773,-361.746277
0.007239,0.021658,4129.106445,2.735517,0.073194,0.864622,2.735517,0.082090,0.082916,0.000994,-0.077738,-0.191821
0.148509,0.037571,63.040714,2.503048,0.108531,0.918819,2.503048,0.008175,0.009391,0.020826,0.004241,-0.308114
cuboid > 17
0.004321,0.026861,5582.496582,2.440053,0.062879,0.772257,2.440053,0.080581,0.081813,0.000688,-0.073762,-0.061586
0.000975,0.009938,11976.525391,1.212200,0.030131,0.378562,1.212200,0.047661,0.048167,0.000136,-0.046114,-0.019052
0.188042,0.038053,60.547405,2.927937,0.146835,1.125902,2.927937,0.015521,0.017055,0.026835,-0.000200,-0.449785
0.000258,0.004684,26684.863281,0.726223,0.016159,0.220034,0.726223,0.030499,0.030949,0.000035,-0.029968,-0.013594
0.031197,0.088482,2070.446045,5.860166,0.162580,1.879956,5.860166,0.138924,0.141853,0.004940,-0.118414,-0.537809
cuboid > 18
0.001000,0.015862,11910.080078,1.212032,0.031922,0.393228,1.212032,0.052384,0.053418,0.000170,-0.049001,-0.047828
3.706917,1.141544,65.203705,8.254397,1.738355,3.485293,8.254397,-0.295941,-0.260067,0.474082,0.452418,-382.890961
0.007847,0.060266,4021.557861,2.833699,0.084633,0.965953,2.833699,0.102920,0.105944,0.001349,-0.090471,-0.257189
0.198117,0.055695,124.226997,3.235830,0.181564,1.285358,3.235830,0.040365,0.042927,0.027683,-0.021613,-0.323909
0.000257,0.007871,25737.652344,0.703337,0.016045,0.219493,0.703337,0.031157,0.031879,0.000037,-0.030626,0.000000
cuboid > 19
0.197994,0.049911,78.532204,3.041271,0.194570,1.240124,3.041271,0.050688,0.053573,0.029023,-0.023401,-0.752888
0.000911,0.021092,12306.970703,1.176877,0.030778,0.381303,1.176877,0.051901,0.053080,0.000147,-0.048370,-0.062485
0.000272,0.004935,26107.105469,0.746511,0.017064,0.230858,0.746511,0.032608,0.033227,0.000041,-0.031614,-0.012256
0.003842,0.078103,5798.279785,2.280066,0.066272,0.771498,2.280066,0.094578,0.097296,0.000712,-0.081886,-0.333759
0.028683,0.105184,2123.906982,5.368459,0.164153,1.825948,5.368459,0.153745,0.158394,0.005281,-0.121689,-1.035787
cuboid > 20
0.003566,0.047928,5663.981934,2.097586,0.057378,0.683247,2.097586,0.078717,0.080579,0.000559,-0.072642,-0.150593
0.030171,0.079236,2078.769775,5.320630,0.156058,1.763793,5.320630,0.136137,0.139749,0.005213,-0.112898,-0.486138
0.211779,0.047692,75.984848,3.247239,0.182997,1.324855,3.247239,0.028723,0.030950,0.029734,-0.009363,-0.632370
0.000875,0.021392,11943.460938,1.120305,0.028872,0.361485,1.120305,0.048387,0.049414,0.000127,-0.046122,-0.047589
0.000265,0.005342,27237.857422,0.729045,0.016274,0.225336,0.729045,0.031955,0.032925,0.000043,-0.031248,0.000000
cuboid > 21
0.000252,0.004007,28981.666016,0.760652,0.015849,0.226274,0.760652,0.030942,0.031716,0.000038,-0.030359,0.000000
0.000966,0.007170,11729.799805,1.220770,0.029143,0.373274,1.220770,0.044799,0.045029,0.000120,-0.044350,-0.029239
0.037622,0.072759,1927.177856,6.356020,0.177073,2.051768,6.356020,0.143762,0.148179,0.006292,-0.118638,-0.708559
0.003979,0.034233,5462.997070,2.300979,0.056861,0.717452,2.300979,0.072912,0.074191,0.000544,-0.069708,-0.134186
0.149399,0.031327,42.851608,2.544860,0.117885,0.975190,2.544860,0.008889,0.010078,0.021043,0.002501,-0.330451
cuboid > 22
0.007955,0.028989,4700.006836,3.582373,0.090326,1.114961,3.582373,0.108737,0.111549,0.001305,-0.095739,-0.063862
0.000244,0.000000,28323.880859,0.756522,0.015625,0.217358,0.756522,0.028178,0.028178,0.000030,-0.028178,0.000000
0.138205,0.194799,1276.132324,14.511399,0.410881,4.740954,14.511399,0.261710,0.275569,0.028403,-0.155887,-1.004808
0.024659,0.016778,16.301756,0.716688,0.039427,0.284487,0.716688,0.014084,0.014902,0.004272,-0.006799,-0.294589
0.001205,0.020558,12349.181641,1.536322,0.034388,0.456019,1.536322,0.054299,0.055105,0.000162,-0.052159,-0.048512
cuboid > 23
0.001314,0.008662,11755.264648,1.586720,0.035556,0.471941,1.586720,0.052068,0.052220,0.000172,-0.050887,-0.044374
0.007148,0.035947,5269.205078,3.602539,0.091094,1.129507,3.602539,0.113053,0.115788,0.001219,-0.098879,-0.122472
0.113088,0.242798,1436.066284,13.210780,0.377266,4.331050,13.210780,0.267665,0.284037,0.024579,-0.158040,-2.513773
0.000240,0.000524,26343.558594,0.682268,0.015363,0.205772,0.682268,0.028178,0.028334,0.000030,-0.028178,0.000000
0.032623,0.021670,20.283543,0.842542,0.044715,0.324648,0.842542,0.014119,0.014941,0.005204,-0.006826,-0.428422
cuboid > 24
0.000243,0.002344,26492.460938,0.676397,0.015297,0.207794,0.676397,0.028930,0.029350,0.000033,-0.028743,0.000000
0.001150,0.017485,11943.992188,1.303467,0.032290,0.414269,1.303467,0.053258,0.055104,0.000191,-0.050104,-0.019882
0.096127,0.153699,1476.155151,11.365859,0.320574,3.732414,11.365859,0.222643,0.235391,0.019510,-0.144712,-0.974615
0.006221,0.023845,5316.864258,3.028102,0.079252,0.963659,3.028102,0.096466,0.098318,0.001254,-0.083994,-0.147916
0.039176,0.017042,23.945223,0.980606,0.050865,0.375797,0.980606,0.014618,0.015423,0.006140,-0.006997,-0.415469
cuboid > 25
0.000861,0.008332,12406.649414,1.105180,0.028759,0.355885,1.105180,0.047456,0.048250,0.000129,-0.045386,-0.014937
0.039661,0.017741,39.043209,1.260755,0.060229,0.467160,1.260755,0.021895,0.022837,0.006814,-0.011606,-0.317201
0.004226,0.068040,5783.595215,2.359001,0.064543,0.779276,2.359001,0.090018,0.094472,0.000789,-0.078844,-0.403311
0.000253,0.004974,25901.386719,0.697026,0.015808,0.217852,0.697026,0.030871,0.031613,0.000036,-0.030454,0.000000
0.041091,0.092575,1967.257568,6.716320,0.199966,2.251240,6.716320,0.172412,0.180380,0.008162,-0.128946,-0.394664
cuboid > 26
0.000951,0.012888,12332.938477,1.214829,0.031082,0.390613,1.214829,0.051624,0.052702,0.000143,-0.048953,-0.035855
0.046530,0.074784,2057.290527,7.826387,0.229466,2.626566,7.826387,0.200070,0.210381,0.010175,-0.139023,-0.294069
0.004197,0.014670,5839.897949,2.460625,0.067120,0.812720,2.460625,0.091029,0.093601,0.000760,-0.080499,-0.047691
0.000272,0.012801,26651.421875,0.743380,0.016668,0.232006,0.743380,0.032939,0.033916,0.000042,-0.031745,-0.086488
0.045502,0.020047,39.728596,1.203552,0.069884,0.474394,1.203552,0.026514,0.027595,0.007386,-0.015519,-0.368663
cuboid > 27
0.000254,0.005000,26589.238281,0.741422,0.015974,0.226620,0.741422,0.031542,0.032414,0.000035,-0.031279,0.000000
0.000868,0.013920,12292.181641,1.131709,0.028512,0.359958,1.131709,0.046859,0.047708,0.000118,-0.045422,-0.035160
0.050385,0.078465,1957.102417,7.701319,0.211280,2.487747,7.701319,0.164417,0.169959,0.008963,-0.127950,-0.364143
0.003850,0.025723,5805.859863,2.263202,0.060101,0.727587,2.263202,0.078382,0.079833,0.000572,-0.073162,-0.049282
0.045681,0.024630,39.632042,1.288678,0.066171,0.495479,1.288678,0.022766,0.023886,0.007571,-0.011714,-0.518914
cuboid > 28
0.000242,0.003717,27044.044922,0.704737,0.015386,0.212702,0.704737,0.029258,0.029690,0.000032,-0.029012,0.000000
0.000895,0.001787,11517.323242,1.102332,0.028744,0.348531,1.102332,0.045055,0.045260,0.000122,-0.043843,0.000000
0.063025,0.101365,1647.747559,8.527393,0.263054,2.889563,8.527393,0.208472,0.218406,0.013200,-0.143509,-0.863530
0.006983,0.019353,4982.969238,3.334897,0.085909,1.061587,3.334897,0.104776,0.107855,0.001323,-0.090211,-0.021885
0.038570,0.016338,21.643244,1.076103,0.048798,0.401897,1.076103,0.013045,0.013949,0.006597,-0.003607,-0.299470
cuboid > 29
0.000271,0.002324,24931.167969,0.710938,0.016206,0.221074,0.710938,0.030626,0.031322,0.000040,-0.030277,0.000000
0.001268,0.026764,11381.439453,1.532764,0.035453,0.466785,1.532764,0.055337,0.056287,0.000185,-0.052127,-0.125063
0.008506,0.003732,10.669614,0.295089,0.017168,0.117138,0.295089,0.007038,0.007220,0.001158,-0.005823,-0.054549
0.007703,0.129109,5056.760254,3.510844,0.094972,1.155013,3.510844,0.128867,0.136774,0.001800,-0.099321,-0.885633
0.105372,0.152911,1469.312988,13.082616,0.330453,4.094986,13.082616,0.207546,0.216832,0.016981,-0.156496,-0.853717
cuboid > 30
0.001028,0.060101,11591.919922,1.298568,0.033475,0.426802,1.298568,0.059612,0.062216,0.000179,-0.054306,-0.190500
0.078366,0.113721,1555.683716,10.121905,0.261775,3.172623,10.121905,0.174079,0.179751,0.011692,-0.143189,-0.614688
0.004754,0.067264,5272.801758,2.604048,0.065832,0.830142,2.604048,0.089693,0.092954,0.000722,-0.081805,-0.339329
0.009980,0.005880,12.400094,0.335255,0.019803,0.133647,0.335255,0.008094,0.008368,0.001379,-0.006492,-0.068435
0.000239,0.002131,26348.246094,0.682897,0.015229,0.207623,0.682897,0.028727,0.029090,0.000030,-0.028727,0.000000
cuboid > 31
0.005711,0.042961,5254.252441,2.878405,0.077006,0.923903,2.878405,0.097506,0.099535,0.001062,-0.084494,-0.430894
0.001148,0.026847,11406.692383,1.401827,0.032969,0.430135,1.401827,0.052830,0.053813,0.000154,-0.051198,-0.087776
0.011042,0.004478,12.213367,0.347055,0.020968,0.138456,0.347055,0.007943,0.008172,0.001470,-0.006612,-0.127879
0.070434,0.168409,1635.960693,9.632968,0.258068,3.078134,9.632968,0.189576,0.197531,0.011401,-0.146112,-0.933935
0.000251,0.001904,25710.345703,0.691480,0.015489,0.212374,0.691480,0.029324,0.029893,0.000033,-0.029324,0.000000
cuboid > 32
0.000210,0.004372,35153.589844,0.719669,0.013439,0.211464,0.719669,0.028178,0.029482,0.000030,-0.028178,0.000000
0.000482,0.012402,16347.685547,0.793818,0.020865,0.260409,0.793818,0.037380,0.038351,0.000086,-0.035787,-0.037322
0.011672,0.012015,18.085421,0.460780,0.022731,0.169946,0.460780,0.009319,0.009650,0.001658,-0.007170,-0.131400
0.003407,0.073968,6682.247070,2.144424,0.055872,0.702929,2.144424,0.082003,0.086626,0.000716,-0.071483,-0.093522
0.042567,0.184619,2022.613892,7.411318,0.203139,2.399505,7.411318,0.176339,0.184783,0.007501,-0.135760,-0.804431
cuboid > 33
0.000288,0.002824,27559.285156,0.796883,0.017884,0.245168,0.796883,0.034629,0.035472,0.000050,-0.032744,0.000000
0.000740,0.022601,13992.325195,1.060508,0.028305,0.359456,1.060508,0.051972,0.054107,0.000144,-0.047978,0.000000
0.015762,0.009919,20.692110,0.500337,0.029466,0.197584,0.500337,0.011642,0.011996,0.002118,-0.009599,-0.174809
0.002670,0.021145,6594.750977,1.716744,0.047787,0.569448,1.716744,0.067826,0.069844,0.000466,-0.062286,-0.043994
0.046793,0.109795,2033.561157,7.878356,0.209272,2.521864,7.878356,0.169909,0.176164,0.007884,-0.134263,-0.780517
cuboid > 34
0.000761,0.001107,12743.958984,0.977930,0.025617,0.313046,0.977930,0.041182,0.041513,0.000096,-0.040839,0.000000
0.000241,0.001140,26810.617188,0.704740,0.015435,0.211614,0.704740,0.028864,0.029204,0.000030,-0.028864,0.000000
0.061654,0.152978,1705.516602,8.654664,0.239704,2.791351,8.654664,0.181408,0.188380,0.009996,-0.142670,-0.831631
0.003946,0.032220,5452.516602,2.105497,0.060552,0.706010,2.105497,0.081063,0.083228,0.000684,-0.073428,-0.141710
0.015123,0.008212,19.532797,0.503504,0.028125,0.196593,0.503504,0.011031,0.011381,0.002061,-0.008790,-0.121900
cuboid > 35
0.000252,0.005208,25518.902344,0.677539,0.015104,0.217708,0.677539,0.031311,0.032867,0.000037,-0.031311,0.000000
0.001054,0.007904,11915.937500,1.379505,0.033365,0.441193,1.379505,0.057044,0.059302,0.000204,-0.052234,0.000000
0.012248,0.005281,13.732613,0.404172,0.021985,0.156011,0.404172,0.008275,0.008609,0.001707,-0.006272,-0.115087
0.005592,0.016491,5319.329102,2.886598,0.074812,0.904780,2.886598,0.092049,0.093071,0.000902,-0.082083,-0.165394
0.058959,0.253488,1786.138184,9.315448,0.261520,3.050275,9.315448,0.220114,0.234277,0.011786,-0.153017,-1.590115
