cuboid > 1
0.001757,0.000000,10317.071289,1.753877,0.039164,0.519481,1.753877,0.053898,0.053898,0.000222,-0.053454,0.000000
0.051659,0.003143,10.997046,0.911447,0.046135,0.365040,0.911447,0.002126,0.002316,0.006630,-0.000649,-0.037037
0.000244,0.000000,28662.957031,0.765571,0.015625,0.218749,0.765571,0.028178,0.028178,0.000030,-0.028178,0.000000
0.008810,0.001002,3481.246094,2.972593,0.075166,0.920414,2.972593,0.076789,0.077090,0.001282,-0.072729,0.000000
0.116991,0.036771,1088.079590,10.882719,0.280640,3.409496,10.882719,0.139198,0.141554,0.016061,-0.122337,-0.167808
cuboid > 2
0.001094,0.004201,11774.535156,1.393097,0.032219,0.424897,1.393097,0.050473,0.051142,0.000147,-0.049140,0.000000
0.072632,0.007674,33.401993,1.530602,0.072050,0.583033,1.530602,0.008732,0.008995,0.009340,-0.006340,-0.078702
0.003899,0.005625,5525.860352,2.279819,0.057213,0.713207,2.279819,0.072214,0.072990,0.000509,-0.070037,0.000000
0.000244,0.000366,27426.509766,0.734785,0.015625,0.215170,0.734785,0.028508,0.028618,0.000030,-0.028508,0.000000
0.029206,0.038639,1965.259888,5.073286,0.141616,1.648579,5.073286,0.114369,0.116160,0.004371,-0.104690,-0.071538
cuboid > 3
0.005066,0.031372,5269.045898,2.662836,0.067640,0.837702,2.662836,0.083944,0.085366,0.000729,-0.078250,-0.263503
0.000253,0.006112,27694.527344,0.749351,0.016006,0.226669,0.749351,0.031485,0.032237,0.000034,-0.031157,0.000000
0.080237,0.009319,60.256969,1.755651,0.093667,0.704870,1.755651,0.022089,0.022627,0.010416,-0.018088,-0.102746
0.033317,0.025388,1783.937500,5.338676,0.154774,1.762426,5.338676,0.124641,0.127160,0.004811,-0.112725,-0.119554
0.001033,0.004087,11597.675781,1.279870,0.031118,0.400411,1.279870,0.049489,0.050282,0.000142,-0.048002,0.000000
cuboid > 4
0.076023,0.018456,68.771873,1.605000,0.098681,0.662431,1.605000,0.032272,0.033138,0.010134,-0.025738,-0.139592
0.000962,0.019294,11990.611328,1.206304,0.031553,0.393253,1.206304,0.053610,0.055142,0.000156,-0.050136,-0.055988
0.025603,0.070273,2126.122803,4.908517,0.154451,1.672519,4.908517,0.147165,0.151593,0.004724,-0.117520,-0.617901
0.004197,0.044520,5654.572266,2.388836,0.067543,0.798218,2.388836,0.094737,0.097851,0.000781,-0.082979,-0.115956
0.000254,0.002430,25043.644531,0.675748,0.016142,0.213311,0.675748,0.030769,0.031315,0.000036,-0.030274,0.000000
cuboid > 5
0.000931,0.015675,12141.000977,1.171478,0.029663,0.373398,1.171478,0.048259,0.049099,0.000146,-0.045789,-0.037286
0.096979,0.017503,71.981407,1.877956,0.119762,0.789247,1.877956,0.034696,0.035909,0.013188,-0.025874,-0.136894
0.004858,0.060610,5601.076172,2.686475,0.071392,0.871494,2.686475,0.097652,0.101352,0.000870,-0.085916,-0.255071
0.000250,0.002465,25185.609375,0.689625,0.015721,0.211809,0.689625,0.029537,0.029887,0.000034,-0.029303,0.000000
0.031691,0.079662,2094.973389,5.875630,0.167643,1.936882,5.875630,0.150366,0.155554,0.005344,-0.124107,-0.356246
cuboid > 6
0.000247,0.000136,27501.244141,0.745817,0.015830,0.217433,0.745817,0.028670,0.028711,0.000031,-0.028588,0.000000
0.001174,0.009533,11740.492188,1.449963,0.032881,0.435355,1.449963,0.049554,0.049846,0.000148,-0.048820,-0.037224
0.005979,0.029134,5169.427734,3.075800,0.071080,0.931265,3.075800,0.082852,0.084053,0.000792,-0.079523,-0.100642
0.104604,0.010979,49.640991,1.993590,0.109572,0.801653,1.993590,0.018130,0.018739,0.013769,-0.012756,-0.141371
0.034777,0.065705,1824.995728,5.605712,0.155765,1.814028,5.605712,0.120778,0.122906,0.005055,-0.108976,-0.323764
cuboid > 7
0.001145,0.002760,11505.551758,1.402927,0.031745,0.416662,1.402927,0.046814,0.046847,0.000141,-0.046681,0.000000
0.006518,0.024234,5047.617676,3.236509,0.072646,0.958779,3.236509,0.080713,0.081145,0.000811,-0.079211,-0.074372
0.000244,0.000000,28517.558594,0.761691,0.015625,0.218153,0.761691,0.028178,0.028178,0.000030,-0.028178,0.000000
0.068991,0.004457,25.812305,1.204667,0.065667,0.480596,1.204667,0.007967,0.008175,0.008798,-0.006050,-0.133820
0.066316,0.024889,1692.718018,9.554345,0.225190,2.887590,9.554345,0.137875,0.139375,0.009095,-0.126433,-0.148817
cuboid > 8
0.000251,0.003864,26855.314453,0.790753,0.016045,0.236895,0.790753,0.032420,0.033573,0.000033,-0.032420,0.000000
0.001330,0.003007,10488.338867,1.349335,0.034364,0.429767,1.349335,0.052757,0.053655,0.000189,-0.050879,0.000000
0.256076,0.157066,924.858765,19.854832,0.519433,6.245108,19.854832,0.221760,0.231236,0.046967,-0.118886,-2.137724
0.016074,0.068619,3416.323486,5.078650,0.129840,1.598573,5.078650,0.137020,0.141916,0.003319,-0.109402,-0.257032
0.186047,0.028061,12.364346,2.406970,0.110420,0.920476,2.406970,-0.009926,-0.008897,0.025987,0.020465,-0.427999
cuboid > 9
0.000251,0.000623,27219.332031,0.733804,0.015937,0.217203,0.733804,0.029240,0.029426,0.000032,-0.029053,0.000000
0.001055,0.007293,11830.919922,1.332605,0.030979,0.403084,1.332605,0.047388,0.047730,0.000134,-0.046691,-0.042327
0.236452,0.035250,43.328087,3.533813,0.157135,1.320589,3.533813,-0.000005,0.001572,0.033248,0.015179,-0.552579
0.005380,0.054505,5187.010254,2.873652,0.068886,0.883881,2.873652,0.083931,0.085269,0.000719,-0.079580,-0.232095
0.051863,0.102018,1755.778931,7.466426,0.204147,2.407783,7.466426,0.149437,0.154629,0.008510,-0.123411,-0.752896
cuboid > 10
0.003983,0.036425,5579.178223,2.320684,0.061930,0.748822,2.320684,0.083988,0.086060,0.000608,-0.076915,-0.225202
0.000252,0.002301,26808.851562,0.723682,0.015890,0.218859,0.723682,0.030267,0.030812,0.000035,-0.029962,0.000000
0.001061,0.015564,11791.534180,1.337827,0.032671,0.421979,1.337827,0.054006,0.055363,0.000167,-0.050838,-0.072536
0.272126,0.042663,96.997314,4.298697,0.220135,1.688867,4.298697,0.035236,0.038312,0.038989,-0.008455,-0.889967
0.031269,0.059885,1928.806396,5.338513,0.160047,1.793018,5.338513,0.141566,0.145654,0.005011,-0.119368,-0.407912
cuboid > 11
0.001087,0.038318,12282.806641,1.318576,0.037598,0.447428,1.318576,0.067173,0.069752,0.000240,-0.058417,-0.341915
0.004653,0.080881,5733.106445,2.683916,0.078390,0.906927,2.683916,0.111544,0.115182,0.000923,-0.092775,-0.484375
0.278678,0.063393,95.853722,4.062136,0.249316,1.640187,4.062136,0.053636,0.057017,0.040994,-0.021155,-0.965154
0.029654,0.110301,2157.024414,5.692684,0.181658,1.960867,5.692684,0.174529,0.179560,0.005882,-0.130682,-0.984019
0.000308,0.017315,24547.687500,0.762955,0.018457,0.249043,0.762955,0.038343,0.039925,0.000055,-0.036306,-0.009738
cuboid > 12
0.001054,0.031120,12363.445312,1.377170,0.034546,0.448958,1.377170,0.061641,0.064210,0.000196,-0.056112,-0.094744
0.033761,0.127764,2115.448486,6.351121,0.191401,2.136453,6.351121,0.176844,0.182443,0.006515,-0.134126,-1.494914
0.005205,0.088864,5547.666016,2.943736,0.079731,0.956246,2.943736,0.110900,0.114570,0.000965,-0.094320,-0.494878
0.000321,0.016796,24883.734375,0.769622,0.017936,0.251022,0.769622,0.037530,0.039345,0.000071,-0.035125,0.000000
0.286086,0.061275,94.493317,4.431948,0.267824,1.823645,4.431948,0.059262,0.063578,0.042278,-0.021787,-0.980071
cuboid > 13
0.000252,0.002287,26956.744141,0.718774,0.015885,0.217375,0.718774,0.029827,0.030254,0.000036,-0.029468,0.000000
0.001052,0.018224,11973.937500,1.285643,0.032069,0.411186,1.285643,0.053653,0.055430,0.000164,-0.050614,-0.018674
0.004050,0.043733,5539.512695,2.337219,0.060873,0.747756,2.337219,0.081799,0.083971,0.000598,-0.075913,-0.213854
0.273708,0.044060,76.636406,4.366483,0.214063,1.698201,4.366483,0.017340,0.019536,0.038335,0.004413,-0.672445
0.029726,0.057344,1950.635254,5.049124,0.150554,1.677552,5.049124,0.130885,0.134329,0.004981,-0.110923,-0.683393
cuboid > 14
0.000245,0.000992,29469.294922,0.764632,0.015554,0.221221,0.764632,0.028860,0.029156,0.000032,-0.028690,0.000000
0.001244,0.006714,10814.548828,1.305965,0.031836,0.400805,1.305965,0.047527,0.047904,0.000159,-0.046876,-0.012402
2.889145,1.248409,27.133505,9.246409,1.796595,4.183087,9.246409,-0.151025,-0.119235,0.412923,0.420801,-338.762634
0.014521,0.058852,3403.901123,4.102533,0.108087,1.290293,4.102533,0.109733,0.112265,0.002475,-0.094552,-0.843794
0.186157,0.037960,50.959446,3.056568,0.131980,1.134703,3.056568,0.003008,0.004358,0.027025,0.012352,-0.227602
cuboid > 15
0.000243,0.001907,29520.230469,0.770551,0.015552,0.225205,0.770551,0.029766,0.030335,0.000031,-0.029766,0.000000
0.001847,0.019603,9946.303711,1.841815,0.043677,0.569224,1.841815,0.066394,0.067915,0.000280,-0.061941,-0.173159
12.062921,3.100853,16.408308,37.269901,3.999963,23.958796,37.269901,-0.948776,-0.719322,1.934180,2.041589,-976.121521
0.016626,0.084394,3162.353760,4.597223,0.129804,1.455121,4.597223,0.134146,0.136982,0.002971,-0.110904,-0.994221
0.294904,0.044263,27.606325,3.689402,0.147696,1.333424,3.689402,-0.016912,-0.015231,0.041318,0.034475,-0.551522
cuboid > 16
0.000247,0.001035,27762.244141,0.740292,0.015570,0.217712,0.740292,0.028854,0.029163,0.000032,-0.028794,0.000000
0.001178,0.027947,12111.287109,1.530831,0.034012,0.460838,1.530831,0.053796,0.054794,0.000157,-0.051729,-0.114007
11.882642,1.932945,21.691294,27.444435,3.902733,13.306643,27.444435,-1.362559,-1.266239,1.941959,2.167504,-825.498230
0.007731,0.042753,4418.091797,3.194342,0.084006,1.019597,3.194342,0.098694,0.100876,0.001176,-0.089758,-0.305473
0.322418,0.056400,70.373032,4.033702,0.164234,1.453595,4.033702,-0.010480,-0.008315,0.045942,0.029972,-0.596778
cuboid > 17
0.004388,0.030776,5636.602539,2.463622,0.067837,0.805037,2.463622,0.091587,0.094011,0.000764,-0.081270,-0.201194
0.001036,0.009732,12116.135742,1.298912,0.031481,0.404298,1.298912,0.049977,0.050667,0.000143,-0.048294,-0.025924
0.373984,0.055581,70.807640,4.433630,0.203879,1.657549,4.433630,0.003359,0.006522,0.052153,0.020804,-0.699687
0.000246,0.002193,26286.744141,0.699181,0.015686,0.212654,0.699181,0.029570,0.029955,0.000032,-0.029377,0.000000
0.026459,0.059368,2087.214111,4.805799,0.158313,1.683694,4.805799,0.152942,0.158461,0.005197,-0.118957,-0.691507
cuboid > 18
0.001638,0.034703,10148.421875,1.584946,0.044636,0.535130,1.584946,0.072670,0.074874,0.000309,-0.064320,-0.261365
5.535798,2.482951,33.644207,24.400421,2.532437,9.848587,24.400421,-0.542821,-0.492838,0.869589,1.005588,-364.018860
0.014619,0.098258,3244.626709,4.156166,0.130168,1.434997,4.156166,0.145904,0.149987,0.002935,-0.114426,-1.035670
0.340227,0.066691,116.267441,4.534575,0.236832,1.734698,4.534575,0.038452,0.042043,0.048547,-0.007109,-0.470851
0.000287,0.009653,25671.277344,0.729727,0.017607,0.235492,0.729727,0.035639,0.036930,0.000047,-0.034346,0.000000
cuboid > 19
0.342911,0.052378,83.137505,4.269282,0.235044,1.678410,4.269282,0.034065,0.037694,0.048256,-0.003951,-1.130770
0.000986,0.036446,11815.682617,1.209175,0.031915,0.397102,1.209175,0.054767,0.056409,0.000164,-0.050520,-0.219980
0.000274,0.002375,24800.009766,0.714791,0.017044,0.225503,0.714791,0.032219,0.032843,0.000040,-0.031554,0.000000
0.004634,0.044917,5680.717285,2.654096,0.071749,0.867689,2.654096,0.096475,0.098993,0.000815,-0.084836,-0.291738
0.034239,0.096561,2131.576904,6.480795,0.191011,2.184072,6.480795,0.174844,0.181368,0.006888,-0.130982,-0.897359
cuboid > 20
0.003630,0.043175,5716.255371,2.120057,0.058365,0.688573,2.120057,0.079972,0.081905,0.000576,-0.073080,-0.184408
0.028239,0.065450,2080.244385,5.043805,0.151023,1.671020,5.043805,0.136843,0.140685,0.005192,-0.110537,-0.918055
0.272391,0.044092,65.517281,3.900259,0.171532,1.457933,3.900259,0.002612,0.004490,0.038219,0.015904,-0.900739
0.001030,0.016134,12071.583008,1.283413,0.031638,0.409639,1.283413,0.052954,0.054632,0.000157,-0.050495,-0.009816
0.000377,0.021195,27653.039062,0.824213,0.018830,0.261591,0.824213,0.038589,0.041074,0.000105,-0.035440,0.000000
cuboid > 21
0.000255,0.001349,27885.738281,0.755306,0.016163,0.222916,0.755306,0.029996,0.030280,0.000036,-0.029534,0.000000
0.000892,0.027392,11696.704102,1.152573,0.029310,0.365231,1.152573,0.048660,0.049497,0.000128,-0.045874,-0.170237
0.042606,0.099928,1945.332031,7.106608,0.191469,2.232097,7.106608,0.152963,0.156291,0.006986,-0.123042,-0.939677
0.003986,0.061148,5580.377930,2.290414,0.059934,0.725287,2.290414,0.080239,0.082096,0.000676,-0.071418,-0.229178
0.198267,0.039561,27.371595,3.021434,0.121230,1.096055,3.021434,-0.003181,-0.001477,0.028860,0.020034,-0.635219
cuboid > 22
0.007393,0.045538,4748.699219,3.408011,0.094056,1.115079,3.408011,0.121521,0.125990,0.001495,-0.100606,-0.127824
0.000280,0.004061,28203.068359,0.811513,0.017757,0.247067,0.811513,0.034587,0.035344,0.000045,-0.033255,0.000000
0.122752,0.292659,1368.541016,13.103072,0.398170,4.383546,13.103072,0.278607,0.299722,0.028484,-0.152525,-2.037300
0.194245,0.052788,21.435812,2.938585,0.120150,1.071919,2.938585,0.002310,0.005034,0.029725,0.020629,-0.762750
0.001073,0.018757,11237.931641,1.269464,0.033570,0.404305,1.269464,0.055082,0.056253,0.000182,-0.050873,-0.077514
cuboid > 23
0.001042,0.010667,12418.086914,1.360490,0.031174,0.411078,1.360490,0.048571,0.048994,0.000137,-0.047570,0.000000
0.007087,0.048441,5568.603516,3.564509,0.089376,1.119879,3.564509,0.114374,0.119366,0.001567,-0.094609,-0.319804
0.074636,0.219637,1863.314819,10.689162,0.308347,3.517649,10.689162,0.251869,0.275230,0.017588,-0.154310,-1.440059
0.000241,0.001805,28186.964844,0.722230,0.015181,0.214162,0.722230,0.028644,0.029091,0.000031,-0.028644,0.000000
0.210891,0.057166,28.884525,2.876467,0.126113,1.057805,2.876467,0.002211,0.004955,0.031724,0.019863,-0.957963
cuboid > 24
0.000257,0.011609,24821.521484,0.693839,0.015755,0.216836,0.693839,0.030857,0.031559,0.000036,-0.030571,0.000000
0.001487,0.015029,10263.163086,1.480221,0.037700,0.471875,1.480221,0.057977,0.059092,0.000219,-0.055306,-0.046964
11.527956,1.195313,11.555273,40.367512,4.099429,19.757805,40.367512,-1.457445,-1.393964,2.188219,2.439226,-933.630676
0.012362,0.072556,3395.153076,3.514833,0.108767,1.193331,3.514833,0.124596,0.129508,0.002639,-0.101713,-0.174526
0.180069,0.051761,67.291870,3.185139,0.132935,1.157486,3.185139,0.017541,0.020418,0.028733,0.008784,-0.668477
cuboid > 25
0.000955,0.012146,12156.890625,1.193120,0.031357,0.383125,1.193120,0.051050,0.051803,0.000150,-0.047935,-0.050091
0.173343,0.050429,61.348648,3.160862,0.150713,1.183845,3.160862,0.030221,0.033127,0.028044,-0.001247,-0.636678
0.003808,0.013407,5688.003906,2.168857,0.063564,0.724321,2.168857,0.085153,0.086582,0.000660,-0.075895,-0.043989
0.000254,0.010530,25728.789062,0.693741,0.015843,0.216400,0.693741,0.030771,0.031464,0.000036,-0.030180,-0.019172
0.034009,0.128443,2091.451660,5.985704,0.178519,2.003506,5.985704,0.161901,0.168667,0.006777,-0.120802,-1.300240
cuboid > 26
0.000920,0.016759,12104.464844,1.151755,0.030245,0.371424,1.151755,0.049749,0.050587,0.000140,-0.047105,-0.064467
0.034126,0.059921,2113.500000,6.009376,0.177611,2.000347,6.009376,0.156842,0.162543,0.006887,-0.119751,-0.492682
0.004360,0.042380,5672.368652,2.536903,0.068501,0.819134,2.536903,0.091229,0.093030,0.000734,-0.080702,-0.229163
0.000262,0.003127,24856.687500,0.699196,0.016416,0.218631,0.699196,0.031262,0.031786,0.000038,-0.030725,0.000000
0.188969,0.059349,63.811668,2.906372,0.143872,1.100640,2.906372,0.025172,0.028340,0.029964,0.001811,-1.253682
cuboid > 27
0.000255,0.007186,27787.785156,0.749897,0.015930,0.226878,0.749897,0.031289,0.032065,0.000036,-0.030834,0.000000
0.001381,0.017450,10614.312500,1.435283,0.036076,0.452680,1.435283,0.055944,0.056880,0.000197,-0.053433,-0.017559
10.541404,2.229743,46.951183,46.150539,3.533106,23.085049,46.150539,-1.053665,-0.971406,1.620044,1.788235,-617.308655
0.017282,0.066590,3277.546143,4.378867,0.119963,1.422472,4.378867,0.125102,0.131626,0.003441,-0.101908,-0.213297
0.140635,0.048865,57.239307,2.538587,0.112681,0.946189,2.538587,0.018045,0.021136,0.023355,0.006477,-0.547752
cuboid > 28
0.000263,0.006867,27024.005859,0.778243,0.016013,0.235171,0.778243,0.032128,0.033198,0.000039,-0.031591,0.000000
0.001222,0.001828,11652.750977,1.487076,0.035692,0.454803,1.487076,0.054818,0.055365,0.000186,-0.051848,0.000000
0.076199,0.127103,1774.253662,10.630650,0.305012,3.490691,10.630650,0.237341,0.251335,0.019175,-0.145303,-1.109908
0.009046,0.101999,5313.997070,3.660829,0.097630,1.160734,3.660829,0.121759,0.130861,0.002787,-0.093294,-0.296872
0.121399,0.042111,24.138428,2.162247,0.096816,0.808825,2.162247,0.010690,0.013111,0.020404,0.010458,-0.677007
cuboid > 29
0.000243,0.001143,26195.431641,0.702170,0.015543,0.211836,0.702170,0.029062,0.029403,0.000031,-0.029062,0.000000
0.001115,0.006536,12770.049805,1.559851,0.034892,0.477341,1.559851,0.058626,0.060581,0.000177,-0.055044,0.000000
0.048891,0.030373,18.742237,1.160049,0.061801,0.458124,1.160049,0.016560,0.018083,0.007651,-0.006444,-0.314934
0.009998,0.122452,4766.274902,4.096314,0.116326,1.369258,4.096314,0.158986,0.169562,0.002942,-0.113013,-0.478667
0.164426,0.383441,1206.010986,15.941402,0.450587,5.175095,15.941402,0.297557,0.322764,0.034702,-0.159192,-1.947412
cuboid > 30
0.002161,0.037081,8460.249023,1.939127,0.045802,0.591358,1.939127,0.067404,0.068789,0.000319,-0.063783,-0.058599
0.192825,0.262052,1054.950195,17.211397,0.462162,5.514748,17.211397,0.261379,0.281032,0.035865,-0.151185,-1.322157
0.011423,0.118032,3940.786377,4.060257,0.109827,1.319355,4.060257,0.135534,0.144591,0.002786,-0.106765,-0.974952
0.054326,0.028213,15.739856,1.099380,0.062689,0.443716,1.099380,0.014538,0.015990,0.008118,-0.005378,-0.307998
0.000481,0.001780,19703.531250,0.894476,0.020273,0.271361,0.894476,0.035025,0.035556,0.000062,-0.034847,0.000000
cuboid > 31
0.006525,0.105234,5379.869141,3.040168,0.080843,0.961817,3.040168,0.104471,0.109266,0.001583,-0.084824,-0.419654
0.001049,0.009546,12273.523438,1.321456,0.030756,0.402604,1.321456,0.048043,0.048627,0.000135,-0.047276,-0.023940
0.054860,0.035387,28.478632,1.459445,0.069405,0.555067,1.459445,0.018774,0.020363,0.008458,-0.008533,-0.274693
0.088300,0.201366,1618.857300,11.489582,0.314293,3.707541,11.489582,0.235803,0.254050,0.018167,-0.151635,-1.488738
0.000246,0.000179,26312.386719,0.704000,0.015715,0.209444,0.704000,0.028502,0.028555,0.000030,-0.028502,0.000000
cuboid > 32
0.000248,0.001605,27501.615234,0.715044,0.015872,0.217310,0.715044,0.030070,0.030549,0.000035,-0.029651,0.000000
0.000884,0.001329,12204.719727,1.143099,0.028722,0.359575,1.143099,0.045528,0.045925,0.000118,-0.044447,0.000000
0.059459,0.038838,36.838123,1.485370,0.077471,0.572903,1.485370,0.023972,0.025908,0.009030,-0.012827,-0.377874
0.003560,0.029392,5792.213379,2.123825,0.055828,0.685631,2.123825,0.074988,0.076660,0.000533,-0.069860,-0.044551
0.039437,0.155341,1975.190796,6.629058,0.186873,2.187880,6.629058,0.163539,0.173583,0.007089,-0.127937,-0.666319
cuboid > 33
0.000240,0.004302,27008.371094,0.698280,0.015318,0.211907,0.698280,0.029259,0.029770,0.000031,-0.029259,0.000000
0.000855,0.012500,12284.093750,1.080816,0.027673,0.340793,1.080816,0.044386,0.044886,0.000116,-0.043126,-0.030783
0.065074,0.042288,41.915031,1.606963,0.080063,0.608232,1.606963,0.023668,0.025565,0.010137,-0.011989,-0.552881
0.004569,0.043910,5656.025879,2.631320,0.065081,0.823252,2.631320,0.082651,0.084223,0.000711,-0.076035,-0.146572
0.036127,0.092074,2117.821045,6.513145,0.182621,2.148634,6.513145,0.159889,0.167224,0.006676,-0.125934,-0.267100
cuboid > 34
0.000905,0.017220,12078.501953,1.175754,0.028382,0.364499,1.175754,0.045724,0.046335,0.000117,-0.044883,-0.019918
0.000243,0.000198,27579.945312,0.725660,0.015526,0.212609,0.725660,0.028178,0.028237,0.000030,-0.028178,0.000000
0.091937,0.222636,1684.243774,12.249193,0.334165,3.989138,12.249193,0.253544,0.273827,0.022306,-0.146390,-0.831845
0.006267,0.076202,5446.792480,2.937861,0.074890,0.935007,2.937861,0.096166,0.100774,0.001612,-0.080736,-0.619675
0.060452,0.037634,26.139782,1.383936,0.067809,0.529308,1.383936,0.016379,0.018336,0.009486,-0.004952,-0.695932
cuboid > 35
0.000248,0.001505,28317.621094,0.757464,0.015857,0.221297,0.757464,0.029952,0.030401,0.000031,-0.029952,0.000000
0.001198,0.001288,12058.963867,1.509452,0.034280,0.450141,1.509452,0.051941,0.052325,0.000160,-0.050678,0.000000
0.049049,0.028453,17.861908,1.185599,0.057544,0.449766,1.185599,0.013801,0.015380,0.007534,-0.004484,-0.344442
0.007953,0.063446,5171.045410,3.649023,0.089475,1.118620,3.649023,0.108315,0.114232,0.001573,-0.092875,-0.187804
0.110287,0.365444,1596.290039,13.734931,0.390687,4.592578,13.734931,0.312828,0.347525,0.027678,-0.171581,-3.433158
