cuboid > 1
0.001034,0.010145,12023.450195,1.362096,0.030615,0.409582,1.362096,0.048099,0.048740,0.000130,-0.047735,0.000000
0.146140,0.008436,17.568008,2.109843,0.090496,0.785967,2.109843,-0.007871,-0.007355,0.018344,0.010435,-0.168184
0.000240,0.000591,27747.781250,0.725690,0.015330,0.212251,0.725690,0.028178,0.028354,0.000030,-0.028178,0.000000
0.007465,0.027127,5023.162598,3.763323,0.084282,1.127591,3.763323,0.097939,0.100300,0.001093,-0.091237,0.000000
0.064585,0.039053,1697.285889,9.253446,0.227780,2.860755,9.253446,0.149822,0.152722,0.009215,-0.129463,-0.373063
cuboid > 2
0.001034,0.024641,11890.029297,1.333156,0.031673,0.419747,1.333156,0.053476,0.055141,0.000154,-0.050728,-0.108972
0.174883,0.025628,29.315607,2.374202,0.115389,0.912318,2.374202,-0.000913,0.000092,0.022687,0.007885,-0.259283
0.003810,0.019944,5563.666504,2.228812,0.058672,0.720288,2.228812,0.077700,0.079397,0.000565,-0.072161,-0.069213
0.000240,0.004267,26710.289062,0.701512,0.015159,0.214267,0.701512,0.029927,0.030679,0.000032,-0.029811,0.000000
0.034052,0.069003,1951.382935,5.717872,0.166977,1.897391,5.717872,0.139671,0.144150,0.006019,-0.114044,-0.376536
cuboid > 3
0.005311,0.024783,5207.605957,2.747888,0.069107,0.865024,2.747888,0.086285,0.088110,0.000816,-0.079312,-0.041481
0.000246,0.003134,27660.908203,0.729174,0.015627,0.215979,0.729174,0.029276,0.029576,0.000032,-0.029094,0.000000
0.174235,0.022355,47.366512,2.567747,0.141102,1.022029,2.567747,0.016897,0.018380,0.022993,-0.006302,-0.315577
0.047520,0.137712,1793.250488,7.605150,0.206175,2.442075,7.605150,0.164298,0.169556,0.007850,-0.132587,-0.920164
0.000908,0.009479,11462.708008,1.111818,0.028763,0.353990,1.111818,0.046415,0.047033,0.000132,-0.044852,0.000000
cuboid > 4
0.211801,0.025426,59.070072,3.007444,0.176425,1.215622,3.007444,0.027745,0.030087,0.028115,-0.014244,-0.485634
0.001061,0.030329,12030.810547,1.329504,0.032947,0.424741,1.329504,0.054681,0.056164,0.000185,-0.050812,-0.239818
0.035623,0.094744,2074.422607,6.619476,0.178578,2.131271,6.619476,0.152986,0.157721,0.006023,-0.123970,-0.910827
0.004947,0.043184,5672.289551,2.820619,0.074375,0.910924,2.820619,0.098933,0.101727,0.000935,-0.085224,-0.400048
0.000256,0.002190,25281.269531,0.697543,0.016279,0.216274,0.697543,0.030603,0.031012,0.000035,-0.030180,0.000000
cuboid > 5
0.001133,0.016983,11976.925781,1.407274,0.034653,0.440715,1.407274,0.055255,0.056048,0.000179,-0.051798,-0.051959
0.216132,0.023426,53.691109,2.827102,0.173241,1.161450,2.827102,0.022920,0.024960,0.028960,-0.009214,-0.323275
0.004800,0.056055,5564.973633,2.687439,0.071723,0.869854,2.687439,0.095925,0.098351,0.000905,-0.082118,-0.301806
0.000245,0.001256,25643.587891,0.674120,0.015574,0.207772,0.674120,0.029059,0.029391,0.000032,-0.028906,0.000000
0.028729,0.083929,2093.231689,5.510417,0.166151,1.869156,5.510417,0.156267,0.161653,0.005121,-0.124277,-0.489291
cuboid > 6
0.000247,0.005475,27644.419922,0.720921,0.015523,0.218333,0.720921,0.030231,0.030911,0.000036,-0.029792,0.000000
0.001023,0.004875,11800.708984,1.272783,0.030481,0.393346,1.272783,0.047709,0.048325,0.000140,-0.046646,-0.009477
0.004318,0.012309,5560.231934,2.497790,0.061496,0.770477,2.497790,0.077064,0.078166,0.000607,-0.073000,-0.061769
0.182184,0.015887,44.855755,2.461256,0.134849,0.996649,2.461256,0.006298,0.007400,0.024179,0.001114,-0.231275
0.033568,0.050592,1949.655762,5.911246,0.158442,1.899817,5.911246,0.127725,0.130606,0.004810,-0.115325,-0.274444
cuboid > 7
0.000904,0.012363,11781.845703,1.174852,0.028725,0.364520,1.174852,0.045871,0.046411,0.000118,-0.044610,-0.050233
0.004967,0.025740,5211.187500,2.574944,0.064349,0.803056,2.574944,0.080474,0.081938,0.000722,-0.074959,-0.094678
0.000249,0.002911,29107.382812,0.749717,0.015753,0.225760,0.749717,0.030908,0.031777,0.000037,-0.030336,0.000000
0.152102,0.016996,20.061913,2.004419,0.103414,0.801516,2.004419,-0.004575,-0.003453,0.020441,0.011298,-0.260229
0.045457,0.096337,1890.200806,7.438164,0.193636,2.331277,7.438164,0.149297,0.153296,0.007062,-0.124622,-0.837592
cuboid > 8
0.000249,0.002366,27957.291016,0.754887,0.015684,0.222132,0.754887,0.029690,0.030131,0.000032,-0.029601,0.000000
0.000855,0.015743,11440.063477,1.098308,0.028209,0.347802,1.098308,0.045984,0.046590,0.000117,-0.044301,-0.067125
0.029005,0.044624,1965.561646,5.032356,0.150731,1.685765,5.032356,0.133021,0.136577,0.005231,-0.108551,-0.421877
0.003083,0.025418,5384.203125,1.790208,0.048430,0.573161,1.790208,0.064636,0.065479,0.000429,-0.061085,-0.162343
0.473588,0.046289,35.326286,4.524343,0.197931,1.700297,4.524343,-0.036843,-0.034578,0.064292,0.055573,-0.676499
cuboid > 9
0.000241,0.003067,28696.136719,0.725612,0.015335,0.215598,0.725612,0.029402,0.029916,0.000032,-0.029201,0.000000
0.001109,0.029255,11405.987305,1.328722,0.034161,0.422707,1.328722,0.057769,0.059525,0.000194,-0.052989,-0.079990
0.516751,0.072292,46.838520,4.951408,0.233265,1.906958,4.951408,-0.023408,-0.019659,0.072439,0.055528,-0.714900
0.003456,0.071302,5449.108887,1.978367,0.056864,0.657468,1.978367,0.082039,0.084759,0.000592,-0.072298,-0.375234
0.029011,0.114622,2037.734497,5.208582,0.164350,1.774040,5.208582,0.158144,0.163940,0.005405,-0.122424,-0.703671
cuboid > 10
0.004499,0.060127,5560.050781,2.611050,0.065512,0.821933,2.611050,0.086335,0.088370,0.000739,-0.076957,-0.325269
0.000255,0.001783,27790.244141,0.735663,0.016175,0.222611,0.735663,0.030722,0.031254,0.000037,-0.030170,0.000000
0.001113,0.015813,11718.849609,1.362013,0.033053,0.423712,1.362013,0.052520,0.053376,0.000170,-0.049616,-0.073286
0.569887,0.064136,88.828537,5.903490,0.321411,2.366368,5.903490,0.007938,0.012529,0.080953,0.029381,-1.263728
0.032660,0.086179,2067.428955,6.181124,0.172303,2.018447,6.181124,0.151276,0.155857,0.005547,-0.123365,-0.850918
cuboid > 11
0.001113,0.022102,12127.909180,1.349911,0.035125,0.437420,1.349911,0.058984,0.060649,0.000215,-0.053467,-0.234569
0.005926,0.143007,5651.790039,3.078014,0.087792,1.017997,3.078014,0.122400,0.127245,0.001572,-0.094448,-1.435695
0.590248,0.092715,91.054787,6.620874,0.406982,2.713966,6.620874,0.059034,0.067090,0.087123,0.004337,-1.663406
0.050544,0.180131,1892.324219,8.502817,0.260615,2.903395,8.502817,0.233394,0.243232,0.010936,-0.156971,-2.767509
0.000252,0.011356,27418.191406,0.708512,0.015877,0.220983,0.708512,0.031751,0.032775,0.000038,-0.030988,-0.027479
cuboid > 12
0.001137,0.028955,12288.549805,1.445520,0.035377,0.454005,1.445520,0.057832,0.059055,0.000190,-0.053117,-0.214961
0.047534,0.180527,1912.410278,8.026587,0.233799,2.686453,8.026587,0.200052,0.207795,0.009645,-0.142959,-2.360713
0.005971,0.084498,5508.085938,3.207269,0.087563,1.043660,3.207269,0.117477,0.120850,0.001312,-0.094110,-0.636193
0.000276,0.005867,26389.365234,0.762010,0.017225,0.233062,0.762010,0.032729,0.033262,0.000041,-0.031746,-0.038104
0.585958,0.089002,83.335968,6.315726,0.395532,2.626656,6.315726,0.042499,0.049183,0.084727,0.009643,-1.279372
cuboid > 13
0.000253,0.003557,27023.117188,0.729460,0.015985,0.219539,0.729460,0.029988,0.030379,0.000034,-0.029575,-0.009889
0.001056,0.019247,11563.485352,1.267681,0.031123,0.396655,1.267681,0.049562,0.050413,0.000154,-0.047742,-0.028115
0.004607,0.040749,5565.316406,2.562796,0.065030,0.801798,2.562796,0.083277,0.084967,0.000765,-0.076067,-0.220277
0.502278,0.061578,76.189110,5.284818,0.287488,2.136660,5.284818,0.002563,0.006369,0.071474,0.030176,-1.120485
0.036350,0.084715,1917.811279,6.210238,0.172091,2.004718,6.210238,0.140466,0.144576,0.005899,-0.118450,-0.796443
cuboid > 14
0.000252,0.005748,28488.753906,0.773846,0.015960,0.228732,0.773846,0.030770,0.031504,0.000034,-0.030567,0.000000
0.000993,0.018457,12156.966797,1.231923,0.030551,0.387566,1.231923,0.050350,0.051619,0.000150,-0.047763,-0.248286
0.052402,0.092649,1854.055298,7.903267,0.220282,2.523443,7.903267,0.172834,0.178843,0.009908,-0.128702,-0.923094
0.004713,0.050984,5368.654297,2.577500,0.064576,0.809072,2.577500,0.083973,0.086093,0.000738,-0.076085,-0.200161
0.386011,0.057360,27.649673,3.791599,0.187155,1.486492,3.791599,-0.023620,-0.020579,0.056225,0.049254,-0.844947
cuboid > 15
0.000255,0.001660,27570.896484,0.742819,0.016149,0.221831,0.742819,0.030314,0.030698,0.000035,-0.029858,0.000000
0.000844,0.016239,10963.424805,1.012045,0.028824,0.337705,1.012045,0.048961,0.050283,0.000143,-0.045679,-0.034238
0.029512,0.061439,1932.289795,4.856364,0.159176,1.673567,4.856364,0.145692,0.149581,0.005844,-0.111737,-0.585583
0.003921,0.040289,5160.340332,2.039236,0.061958,0.686422,2.039236,0.086055,0.088495,0.000792,-0.073148,-0.236498
0.642644,0.101799,77.465134,6.534810,0.291548,2.437965,6.534810,-0.024063,-0.019673,0.093779,0.066534,-1.398549
cuboid > 16
0.000254,0.004774,27613.632812,0.734022,0.015841,0.220745,0.734022,0.030362,0.030939,0.000035,-0.029946,-0.004154
0.000889,0.017388,11409.957031,1.048006,0.029614,0.345456,1.048006,0.049418,0.050349,0.000152,-0.045944,-0.081683
9.459299,3.249500,23.402708,19.169876,2.905512,6.025508,19.169876,-0.994135,-0.961787,1.436140,1.537853,-242.252121
0.006613,0.041996,4031.875977,2.395803,0.074349,0.808739,2.395803,0.092014,0.094150,0.001263,-0.078291,-0.418678
0.600000,0.091167,130.274109,6.502394,0.289978,2.446682,6.502394,-0.010200,-0.005176,0.088648,0.057198,-0.625415
cuboid > 17
0.004173,0.037627,5593.456055,2.348531,0.064014,0.757652,2.348531,0.085459,0.087406,0.000782,-0.074689,-0.316026
0.001052,0.014738,11768.537109,1.305123,0.033043,0.411651,1.305123,0.053336,0.054203,0.000167,-0.049915,-0.030431
0.681916,0.121351,103.292519,7.048457,0.352491,2.738513,7.048457,0.002333,0.008296,0.100691,0.051670,-1.257705
0.000267,0.006044,26657.814453,0.745857,0.016681,0.228641,0.745857,0.032073,0.032721,0.000039,-0.031169,-0.032684
0.031273,0.100467,2119.967773,5.844631,0.171591,1.939749,5.844631,0.155660,0.160570,0.005970,-0.121276,-0.855388
cuboid > 18
0.001186,0.024318,12064.496094,1.370611,0.036532,0.442134,1.370611,0.059937,0.061266,0.000240,-0.053385,-0.124867
18.694571,1.251707,122.777809,192.058029,4.479408,58.754181,192.058029,-2.363102,-2.314159,2.657018,2.896685,3.198369
0.012909,0.098140,3837.992432,4.110899,0.118896,1.366166,4.110899,0.136679,0.141117,0.002728,-0.106771,-1.113003
0.378227,0.118383,169.296982,4.626107,0.335546,2.065707,4.626107,0.080417,0.087291,0.059948,-0.019079,-1.502530
0.000254,0.004003,26089.792969,0.695430,0.016127,0.214151,0.695430,0.030398,0.030815,0.000036,-0.029811,0.000000
cuboid > 19
0.670246,0.116261,92.996574,6.945534,0.377688,2.753864,6.945534,0.023169,0.029785,0.098450,0.034954,-1.580970
0.000965,0.017114,12674.519531,1.296147,0.031950,0.409886,1.296147,0.053388,0.054684,0.000156,-0.049971,-0.055235
0.000255,0.001726,26836.988281,0.731584,0.016306,0.222744,0.731584,0.030849,0.031316,0.000036,-0.030278,0.000000
0.004566,0.049591,5759.880371,2.567309,0.071317,0.843218,2.567309,0.096817,0.099854,0.000974,-0.081274,-0.323349
0.039975,0.111292,2029.521118,7.017725,0.208464,2.360996,7.017725,0.182276,0.189713,0.008268,-0.135284,-1.142851
cuboid > 20
0.004034,0.026371,5544.766113,2.321323,0.060231,0.740681,2.321323,0.079296,0.081223,0.000627,-0.073246,-0.085540
0.033762,0.072610,2015.390381,5.926306,0.168557,1.944100,5.926306,0.145799,0.151043,0.006247,-0.115897,-0.579982
0.572902,0.083107,73.196465,5.463268,0.276117,2.134755,5.463268,-0.009703,-0.005316,0.082532,0.048094,-1.501590
0.001107,0.012297,11541.239258,1.340785,0.031972,0.412276,1.340785,0.049781,0.050412,0.000155,-0.048106,-0.044924
0.000249,0.002160,27521.982422,0.728927,0.015595,0.217085,0.728927,0.029282,0.029661,0.000033,-0.029108,0.000000
cuboid > 21
0.000249,0.001878,29004.988281,0.765260,0.015793,0.225578,0.765260,0.030096,0.030656,0.000034,-0.029773,0.000000
0.001088,0.015934,11877.953125,1.366863,0.031956,0.417825,1.366863,0.050702,0.051487,0.000152,-0.048843,-0.055001
0.043386,0.104245,1975.624146,7.276184,0.201079,2.333668,7.276184,0.167255,0.172918,0.007937,-0.128133,-0.827814
0.004336,0.045951,5426.453613,2.417050,0.064580,0.779697,2.417050,0.089158,0.091998,0.000711,-0.080061,-0.091708
0.469811,0.072212,30.738371,4.099296,0.192105,1.549665,4.099296,-0.027644,-0.024729,0.068385,0.057686,-0.974676
cuboid > 22
0.003628,0.044480,5362.893066,2.026629,0.059712,0.674143,2.026629,0.083823,0.086053,0.000654,-0.072780,-0.253757
0.000257,0.001500,28052.677734,0.771089,0.016316,0.226430,0.771089,0.030317,0.030593,0.000036,-0.029825,0.000000
0.035131,0.076701,1976.565796,5.515579,0.177212,1.891707,5.515579,0.159713,0.165396,0.008438,-0.112941,-0.757191
0.522363,0.164858,70.701454,6.505094,0.296362,2.427727,6.505094,0.005865,0.013693,0.089413,0.063796,-1.762142
0.000915,0.014553,11371.469727,1.122767,0.029459,0.358511,1.122767,0.047924,0.048632,0.000139,-0.045283,-0.056700
cuboid > 23
0.001058,0.020946,11789.939453,1.172530,0.031370,0.379856,1.172530,0.051095,0.052572,0.000251,-0.046890,-0.242173
0.003533,0.044002,5561.242676,2.010887,0.057805,0.663720,2.010887,0.080330,0.082563,0.000699,-0.069158,-0.545339
0.048591,0.127415,2023.771851,7.521344,0.224152,2.513179,7.521344,0.194470,0.205124,0.012946,-0.120918,-1.439245
0.000248,0.001430,28367.644531,0.736549,0.015840,0.219602,0.736549,0.029732,0.030108,0.000034,-0.029283,0.000000
0.475223,0.123187,60.979282,5.713770,0.283000,2.185346,5.713770,0.011039,0.018462,0.081529,0.059042,-2.198580
cuboid > 24
0.000251,0.002782,27409.705078,0.726875,0.015965,0.219559,0.726875,0.030149,0.030561,0.000035,-0.029655,0.000000
0.001151,0.008448,12129.176758,1.375100,0.034533,0.431856,1.375100,0.055395,0.056480,0.000215,-0.051212,-0.017852
0.058540,0.130567,1978.444580,8.738826,0.252502,2.896419,8.738826,0.206385,0.216868,0.015966,-0.125153,-1.350549
0.004064,0.024197,5659.491699,2.264447,0.062791,0.733725,2.264447,0.084451,0.086387,0.000811,-0.072788,-0.115841
0.418869,0.139561,59.423367,5.435148,0.272723,2.096970,5.435148,0.023608,0.031479,0.073808,0.047495,-1.724829
cuboid > 25
0.001010,0.007686,12275.275391,1.265135,0.031691,0.399653,1.265135,0.050550,0.051262,0.000157,-0.047907,-0.025090
0.464785,0.133665,56.307339,5.387075,0.269722,2.056481,5.387075,0.013394,0.020065,0.076613,0.046161,-1.700060
0.004825,0.025868,5611.759766,2.646236,0.070474,0.853027,2.646236,0.091721,0.093832,0.000928,-0.080020,-0.152362
0.000254,0.001206,26055.416016,0.706886,0.016185,0.216119,0.706886,0.030147,0.030465,0.000035,-0.029697,0.000000
0.044221,0.138986,1999.295044,7.506694,0.215206,2.491199,7.506694,0.185647,0.194202,0.009327,-0.133185,-1.094771
cuboid > 26
0.000820,0.017198,13807.419922,1.163634,0.030155,0.380319,1.163634,0.052476,0.054112,0.000153,-0.048232,-0.117747
0.033900,0.111388,2241.682861,6.723906,0.189998,2.210877,6.723906,0.174967,0.182848,0.006675,-0.133792,-0.905715
0.003708,0.060996,6581.236328,2.489289,0.064128,0.807694,2.489289,0.092714,0.096660,0.000679,-0.081138,-0.229290
0.000259,0.002963,25977.150391,0.713764,0.016306,0.220583,0.713764,0.031079,0.031658,0.000038,-0.030460,0.000000
0.390608,0.113953,59.852974,4.739077,0.229917,1.799814,4.739077,0.012320,0.018397,0.065184,0.040034,-1.632805
cuboid > 27
0.000260,0.003909,27650.468750,0.748032,0.016282,0.224001,0.748032,0.031099,0.031613,0.000036,-0.030620,0.000000
0.001321,0.002905,11860.829102,1.613431,0.036992,0.487506,1.613431,0.056578,0.057277,0.000191,-0.054118,0.000000
0.056721,0.165500,1975.878418,9.059301,0.261787,2.979283,9.059301,0.227052,0.240113,0.013604,-0.145442,-1.802637
0.005910,0.037213,5443.768555,3.167543,0.080942,1.001933,3.167543,0.105202,0.108591,0.001097,-0.090682,-0.121339
0.333877,0.093090,35.964512,3.820579,0.184731,1.451123,3.820579,0.002296,0.007300,0.055640,0.041601,-1.829301
cuboid > 28
0.000243,0.003353,28186.808594,0.724185,0.015361,0.215075,0.724185,0.029337,0.029762,0.000032,-0.029144,0.000000
0.001195,0.030349,12268.790039,1.479008,0.035350,0.452058,1.479008,0.057275,0.058455,0.000183,-0.053142,-0.080857
0.059228,0.221534,1903.834595,9.308782,0.278851,3.088007,9.308782,0.248321,0.263425,0.014268,-0.154882,-2.067491
0.005667,0.058638,5537.318848,2.997977,0.082732,0.968777,2.997977,0.112262,0.115963,0.001260,-0.090796,-0.191328
0.327797,0.088624,24.121708,3.415656,0.162480,1.274918,3.415656,-0.008976,-0.004712,0.053571,0.045529,-1.583512
cuboid > 29
0.000250,0.001502,28524.220703,0.768302,0.015962,0.224464,0.768302,0.029762,0.030053,0.000035,-0.029301,0.000000
0.001198,0.005277,11558.252930,1.458248,0.034789,0.451544,1.458248,0.054797,0.056050,0.000183,-0.051821,0.000000
0.195283,0.077271,27.765291,3.130019,0.142674,1.160016,3.130019,0.012753,0.017104,0.032354,0.019181,-0.994671
0.007564,0.049636,5081.908203,3.486227,0.089824,1.105141,3.486227,0.112429,0.117053,0.001732,-0.091175,-0.262564
0.072508,0.174185,1737.836304,9.622176,0.296774,3.250618,9.622176,0.247672,0.265525,0.019208,-0.138616,-0.954993
cuboid > 30
0.001204,0.011543,12284.494141,1.545988,0.033565,0.459836,1.545988,0.052228,0.052996,0.000157,-0.051428,0.000000
0.095621,0.221837,1627.933472,11.860170,0.328383,3.870426,11.860170,0.240877,0.259503,0.022554,-0.142103,-1.651917
0.005680,0.036625,5330.952637,3.013324,0.072406,0.921799,3.013324,0.089757,0.092065,0.000847,-0.082431,-0.138169
0.154487,0.073024,27.023081,2.632505,0.133671,1.010122,2.632505,0.019223,0.023131,0.026027,0.011090,-0.839150
0.000241,0.004405,28241.593750,0.741005,0.015330,0.217396,0.741005,0.029095,0.029499,0.000031,-0.028994,0.000000
cuboid > 31
0.004349,0.032497,5583.830078,2.475300,0.065341,0.788148,2.475300,0.089305,0.092392,0.000851,-0.076922,-0.133554
0.001532,0.038370,12136.126953,1.871868,0.042455,0.568968,1.871868,0.067050,0.068564,0.000269,-0.060211,-0.276082
0.137268,0.070448,34.445045,2.502724,0.127817,0.957766,2.502724,0.023826,0.027666,0.022605,0.003234,-0.716923
0.064277,0.140347,1849.617310,9.632323,0.266728,3.123083,9.632323,0.213850,0.226013,0.014215,-0.140941,-1.122383
0.000262,0.001936,28734.669922,0.781696,0.016526,0.232974,0.781696,0.031404,0.031982,0.000039,-0.030574,0.000000
cuboid > 32
0.000254,0.000863,29176.478516,0.797917,0.016229,0.230309,0.797917,0.030045,0.030303,0.000034,-0.029632,0.000000
0.000483,0.011469,16877.880859,0.846092,0.021654,0.270059,0.846092,0.037752,0.038181,0.000065,-0.036562,-0.040872
0.136293,0.063416,34.288624,2.443134,0.121124,0.924105,2.443134,0.021944,0.025664,0.021734,0.001477,-0.760356
0.002842,0.029388,6922.912598,1.974881,0.053131,0.635913,1.974881,0.075381,0.077190,0.000438,-0.068907,-0.131804
0.052049,0.157459,2023.423950,8.237947,0.246472,2.758662,8.237947,0.215146,0.228042,0.013221,-0.135432,-2.382414
cuboid > 33
0.000260,0.001535,26369.652344,0.739852,0.016224,0.222810,0.739852,0.030467,0.030926,0.000037,-0.030050,0.000000
0.000640,0.034538,13888.193359,0.992597,0.025540,0.325384,0.992597,0.046046,0.047526,0.000106,-0.042533,-0.116925
0.114389,0.046575,33.121902,2.044867,0.102968,0.786484,2.044867,0.019876,0.022770,0.017818,-0.000943,-0.683365
0.003054,0.030822,6637.643555,2.068938,0.054131,0.661042,2.068938,0.075073,0.076695,0.000489,-0.068711,-0.169012
0.045500,0.149139,2005.268921,7.542976,0.218688,2.483863,7.542976,0.191764,0.202090,0.009799,-0.134804,-1.142141
cuboid > 34
0.001507,0.057271,11615.895508,1.719504,0.040904,0.538055,1.719504,0.068096,0.072308,0.000273,-0.061493,-0.646158
0.000250,0.000767,27120.363281,0.731688,0.016009,0.217983,0.731688,0.029562,0.029791,0.000033,-0.029255,0.000000
0.080831,0.227237,1652.394409,10.771625,0.317176,3.617220,10.771625,0.253781,0.271454,0.020037,-0.149680,-1.866675
0.007677,0.088717,5362.642578,3.581075,0.096493,1.156438,3.581075,0.126242,0.134109,0.001944,-0.098713,-0.165506
0.096827,0.051589,20.980406,1.811022,0.085604,0.677168,1.811022,0.015252,0.018053,0.015738,0.002211,-0.544731
cuboid > 35
0.000252,0.000000,26954.554688,0.734849,0.016133,0.217227,0.734849,0.029094,0.029094,0.000034,-0.028732,0.000000
0.001342,0.006232,12305.833984,1.689733,0.039676,0.517289,1.689733,0.063168,0.064770,0.000230,-0.057763,0.000000
0.098459,0.051674,15.872667,1.628653,0.079845,0.611297,1.628653,0.010593,0.013026,0.015660,0.005537,-0.571350
0.007022,0.067331,5127.416016,3.566294,0.087730,1.106058,3.566294,0.110540,0.113854,0.001206,-0.095689,-0.366925
0.111746,0.378755,1479.679199,12.510251,0.389237,4.255265,12.510251,0.297268,0.325739,0.032419,-0.140488,-5.394095
