cuboid > 1
0.001337,0.024218,11881.585938,1.658090,0.036033,0.499826,1.658090,0.057678,0.059085,0.000181,-0.055978,-0.037839
0.215440,0.010150,24.581530,2.810396,0.128775,1.069628,2.810396,-0.013581,-0.013019,0.028326,0.020418,-0.170101
0.000239,0.012055,27365.626953,0.703543,0.014848,0.214332,0.703543,0.030154,0.030998,0.000033,-0.029964,0.000000
0.006228,0.018228,5698.508789,3.628750,0.079873,1.083458,3.628750,0.095647,0.097185,0.000911,-0.089039,-0.051274
0.064582,0.147031,1798.801880,9.967506,0.245554,3.108985,9.967506,0.174956,0.180479,0.009955,-0.143230,-0.555512
cuboid > 2
0.001298,0.003391,11712.875977,1.596755,0.034711,0.471577,1.596755,0.051571,0.051993,0.000165,-0.051108,0.000000
0.324470,0.043158,60.885010,4.866850,0.245342,1.898988,4.866850,0.009519,0.011878,0.044560,0.011016,-0.447867
0.007139,0.033097,5170.879883,3.579789,0.085611,1.103205,3.579789,0.104325,0.107153,0.001217,-0.092939,-0.093521
0.000238,0.004254,28948.662109,0.736497,0.015107,0.214666,0.736497,0.028404,0.028702,0.000031,-0.028329,0.000000
0.057490,0.103496,1778.728394,8.944642,0.235574,2.870759,8.944642,0.177216,0.184338,0.010467,-0.136410,-0.603781
cuboid > 3
0.005633,0.054514,5111.248047,2.780775,0.076533,0.906327,2.780775,0.101279,0.104629,0.001171,-0.084888,-0.186832
0.000278,0.009055,28673.310547,0.824482,0.017080,0.245975,0.824482,0.033869,0.034770,0.000049,-0.032436,0.000000
0.451100,0.065137,115.173386,7.282906,0.404535,2.995011,7.282906,0.057088,0.063860,0.065262,-0.002565,-0.911116
0.050923,0.112171,1821.243530,7.699660,0.236973,2.642019,7.699660,0.207410,0.219536,0.012114,-0.137020,-0.651260
0.001095,0.014048,11115.153320,1.304263,0.033009,0.413191,1.304263,0.053680,0.054964,0.000188,-0.050116,-0.025335
cuboid > 4
0.394330,0.089538,102.020363,5.825494,0.369764,2.475598,5.825494,0.084028,0.091958,0.057867,-0.021618,-1.215562
0.001614,0.043447,11943.026367,1.465833,0.042758,0.501384,1.465833,0.074633,0.078523,0.000594,-0.060343,-0.196328
0.062556,0.270277,1823.527832,9.428183,0.299004,3.235724,9.428183,0.278075,0.296385,0.015693,-0.166533,-1.878570
0.007777,0.094863,5505.298828,3.491999,0.107812,1.199031,3.491999,0.152541,0.161209,0.002640,-0.108206,-0.448507
0.000671,0.004880,28231.681641,0.824824,0.020788,0.261908,0.824824,0.037506,0.038690,0.000419,-0.032346,0.000000
cuboid > 5
0.001507,0.024512,12271.215820,1.569833,0.041689,0.506973,1.569833,0.070017,0.072797,0.000388,-0.059459,-0.042172
0.297823,0.056199,95.272736,4.296380,0.278925,1.811173,4.296380,0.062839,0.067299,0.042076,-0.024769,-0.726773
0.005831,0.080703,5544.720215,3.056928,0.087156,1.012732,3.056928,0.121643,0.126541,0.001397,-0.096191,-0.708195
0.000271,0.001901,26404.613281,0.772065,0.017191,0.233890,0.772065,0.032327,0.032810,0.000039,-0.031586,0.000000
0.049762,0.216689,1903.457886,8.139944,0.246643,2.733571,8.139944,0.222991,0.233738,0.010570,-0.151338,-1.433655
cuboid > 6
0.000252,0.001578,27664.029297,0.752392,0.016051,0.221979,0.752392,0.029789,0.030020,0.000034,-0.029394,0.000000
0.001232,0.010313,12141.992188,1.565224,0.034870,0.467482,1.565224,0.053395,0.053927,0.000171,-0.051186,-0.041336
0.005914,0.034465,5127.510742,2.946364,0.072094,0.902172,2.946364,0.086588,0.088032,0.000889,-0.079102,-0.258350
0.252356,0.036235,75.650352,4.101741,0.228294,1.682008,4.101741,0.030440,0.033174,0.035867,-0.005405,-0.492832
0.060907,0.119155,1657.515991,8.779733,0.233086,2.784608,8.779733,0.170891,0.177142,0.010549,-0.131606,-0.839370
cuboid > 7
0.001157,0.004145,11624.176758,1.424064,0.032717,0.425449,1.424064,0.049224,0.049492,0.000152,-0.048179,-0.012452
0.006108,0.040847,5047.672852,3.074198,0.072397,0.925946,3.074198,0.084902,0.085855,0.000847,-0.079383,-0.220077
0.000260,0.001327,27257.582031,0.761069,0.016213,0.225765,0.761069,0.030208,0.030605,0.000036,-0.029818,0.000000
0.180743,0.013841,39.435883,2.602565,0.124999,0.982596,2.602565,-0.000142,0.000396,0.023433,0.005551,-0.239099
0.049838,0.075440,1789.996094,7.732146,0.194512,2.380851,7.732146,0.135366,0.136902,0.006995,-0.120344,-0.732341
cuboid > 8
0.000252,0.002454,26566.244141,0.727468,0.015909,0.220005,0.727468,0.030129,0.030577,0.000033,-0.029917,0.000000
0.001289,0.012911,11671.677734,1.599482,0.035871,0.483617,1.599482,0.055571,0.056484,0.000177,-0.053427,-0.035130
0.064152,0.078092,1794.815186,9.484400,0.248525,2.988767,9.484400,0.176862,0.181180,0.011020,-0.137171,-1.355925
0.006444,0.020053,5572.170410,3.637717,0.083547,1.100002,3.637717,0.099697,0.101100,0.001039,-0.089992,-0.096175
0.314009,0.036101,25.277044,3.884223,0.165087,1.444519,3.884223,-0.021378,-0.019985,0.044039,0.038558,-0.562776
cuboid > 9
0.000252,0.003288,28732.666016,0.776883,0.015726,0.228116,0.776883,0.030398,0.031065,0.000035,-0.030098,0.000000
0.001237,0.031294,11748.181641,1.537247,0.034251,0.462207,1.537247,0.054063,0.055044,0.000169,-0.052144,-0.089752
0.414370,0.065608,73.663849,5.753858,0.279150,2.235750,5.753858,0.008059,0.011862,0.061307,0.028593,-0.569017
0.005439,0.046147,5566.480957,3.098759,0.073118,0.947161,3.098759,0.090742,0.092494,0.000851,-0.083625,-0.242888
0.040144,0.073222,1975.346436,7.002856,0.188587,2.253646,7.002856,0.150686,0.155147,0.006815,-0.125418,-0.395340
cuboid > 10
0.006421,0.068218,5152.858398,3.103476,0.084924,1.013156,3.103476,0.112218,0.116755,0.001523,-0.090984,-0.337074
0.000263,0.017067,26992.710938,0.775405,0.016576,0.238746,0.775405,0.033893,0.035230,0.000046,-0.032270,-0.061209
0.001176,0.020700,11063.038086,1.261529,0.033845,0.412412,1.261529,0.056123,0.057944,0.000235,-0.050880,-0.086905
0.562751,0.090388,128.261444,8.052036,0.459066,3.364870,8.052036,0.060841,0.068880,0.083134,0.005676,-1.190796
0.057420,0.151042,1775.618042,8.659874,0.255886,2.917498,8.659874,0.214321,0.226195,0.013269,-0.141114,-1.611760
cuboid > 11
0.001099,0.014965,11804.574219,1.308794,0.034827,0.426856,1.308794,0.058223,0.059781,0.000205,-0.053039,-0.060919
0.006144,0.060947,5562.639648,3.195288,0.090433,1.059527,3.195288,0.124559,0.129180,0.001475,-0.098204,-0.543646
0.546063,0.102425,109.716713,6.790763,0.437699,2.940759,6.790763,0.094101,0.104738,0.082223,-0.006437,-1.260841
0.065945,0.260165,1734.678833,9.570074,0.314910,3.365993,9.570074,0.285092,0.302510,0.016849,-0.166745,-2.261034
0.000276,0.009879,26926.748047,0.787288,0.017063,0.243207,0.787288,0.034194,0.035404,0.000044,-0.032976,-0.023962
cuboid > 12
0.001097,0.014045,12323.868164,1.359702,0.034664,0.425406,1.359702,0.055722,0.056438,0.000179,-0.051365,-0.084028
0.046636,0.177442,1924.576050,7.872926,0.239358,2.669044,7.872926,0.216856,0.226071,0.009828,-0.149210,-1.609163
0.005464,0.068358,5648.938477,2.993542,0.082509,0.979216,2.993542,0.112475,0.115843,0.001191,-0.091699,-0.566816
0.000252,0.002683,27610.837891,0.733130,0.016055,0.220248,0.733130,0.030237,0.030612,0.000035,-0.029732,0.000000
0.417253,0.072477,111.269043,5.457355,0.325664,2.246487,5.457355,0.068451,0.074429,0.060515,-0.016789,-1.243689
cuboid > 13
0.000246,0.000538,27686.658203,0.739682,0.015659,0.216533,0.739682,0.028684,0.028844,0.000031,-0.028584,0.000000
0.001265,0.010509,11954.712891,1.544740,0.034919,0.462572,1.544740,0.053186,0.053770,0.000187,-0.050882,-0.037469
0.005171,0.051085,5469.401367,2.824093,0.068557,0.856780,2.824093,0.084415,0.085563,0.000822,-0.076888,-0.351454
0.360577,0.052322,97.508385,5.476508,0.275092,2.176562,5.476508,0.032441,0.036804,0.053227,0.006848,-0.479202
0.047243,0.149716,1941.672607,8.044732,0.216484,2.575667,8.044732,0.176508,0.182984,0.009085,-0.130885,-1.266247
cuboid > 14
0.000245,0.000545,27422.214844,0.731877,0.015666,0.215470,0.731877,0.028729,0.028892,0.000031,-0.028667,0.000000
0.001192,0.005355,11962.829102,1.479763,0.033502,0.445075,1.479763,0.050972,0.051498,0.000166,-0.049699,0.000000
0.041373,0.063697,1800.012573,6.766364,0.179254,2.140600,6.766364,0.134595,0.136809,0.005847,-0.120596,-0.380633
0.005997,0.011176,5307.706055,3.127275,0.070857,0.938165,3.127275,0.081868,0.082843,0.000785,-0.079684,-0.015132
0.274694,0.018699,46.612206,3.455018,0.154033,1.285434,3.455018,-0.010108,-0.009203,0.037019,0.020328,-0.225482
cuboid > 15
0.000244,0.000000,26812.513672,0.716166,0.015625,0.211148,0.716166,0.028178,0.028178,0.000030,-0.028178,0.000000
0.001352,0.003764,11937.456055,1.621559,0.037378,0.495099,1.621559,0.057852,0.058978,0.000208,-0.054653,0.000000
0.175150,0.166945,1292.194336,17.650112,0.471183,5.625602,17.650112,0.274720,0.287911,0.037515,-0.148069,-2.020126
0.008594,0.030403,5094.541016,4.191347,0.097467,1.277018,4.191347,0.114432,0.117393,0.001405,-0.101592,-0.149082
0.299088,0.058623,17.488743,3.695689,0.155915,1.365176,3.695689,-0.017406,-0.015097,0.047437,0.044587,-0.803693
cuboid > 16
0.000251,0.000737,27514.052734,0.748697,0.015906,0.220029,0.748697,0.029297,0.029517,0.000032,-0.029173,0.000000
0.001190,0.009207,11830.511719,1.472747,0.033291,0.441561,1.472747,0.050579,0.051047,0.000156,-0.049588,-0.023635
0.035915,0.080940,2121.069580,6.285001,0.175667,2.038849,6.285001,0.147663,0.152082,0.007468,-0.114688,-0.663420
0.005165,0.025655,5554.055664,3.021035,0.069855,0.922017,3.021035,0.086863,0.088903,0.000723,-0.082636,-0.039555
0.321110,0.062024,39.035381,4.216402,0.185026,1.583888,4.216402,-0.006072,-0.002784,0.051530,0.041026,-1.017578
cuboid > 17
0.004652,0.050871,5429.950195,2.560514,0.070045,0.829767,2.560514,0.093835,0.096196,0.000843,-0.082315,-0.294241
0.001018,0.032772,11436.331055,1.272075,0.031554,0.401651,1.272075,0.052215,0.053418,0.000158,-0.048863,-0.173635
0.402109,0.069494,81.556702,5.252017,0.252287,2.035625,5.252017,0.012960,0.016631,0.060339,0.025652,-0.834807
0.000284,0.011522,26488.906250,0.788039,0.017587,0.237861,0.788039,0.033707,0.034343,0.000045,-0.032194,-0.043123
0.034672,0.096354,2024.322632,6.232157,0.184444,2.077079,6.232157,0.165584,0.171383,0.006375,-0.129140,-0.489779
cuboid > 18
0.001522,0.028654,10638.871094,1.562696,0.042305,0.520212,1.562696,0.070388,0.072943,0.000307,-0.062442,-0.074118
12.716316,1.418198,-4.551246,6.496986,3.707691,3.392463,6.496986,-1.536767,-1.472133,1.793669,2.071970,-706.196899
0.016933,0.113237,3228.535400,4.583546,0.143623,1.581674,4.583546,0.162873,0.168962,0.003829,-0.122896,-0.816959
0.413731,0.093063,120.843353,5.233990,0.272603,2.068942,5.233990,0.035616,0.040940,0.063250,0.010999,-0.915727
0.000292,0.019451,25432.126953,0.784490,0.017338,0.246084,0.784490,0.035864,0.037314,0.000049,-0.034404,-0.049091
cuboid > 19
0.367564,0.071505,83.137558,4.625253,0.230358,1.793915,4.625253,0.021443,0.025502,0.056063,0.014768,-1.384290
0.000963,0.022022,12549.052734,1.240414,0.032506,0.406357,1.240414,0.056092,0.057781,0.000181,-0.050977,-0.048391
0.000273,0.008098,25788.720703,0.747576,0.016985,0.232627,0.747576,0.033349,0.034146,0.000043,-0.032275,0.000000
0.004722,0.050117,5798.952148,2.711395,0.075502,0.900970,2.711395,0.106723,0.110698,0.000922,-0.089950,-0.181000
0.033019,0.073598,2130.842285,6.136385,0.187260,2.079857,6.136385,0.175105,0.181127,0.006533,-0.131683,-0.651949
cuboid > 20
0.004252,0.024988,5483.770020,2.377785,0.060879,0.744415,2.377785,0.077591,0.078771,0.000643,-0.072003,-0.137983
0.032897,0.082799,2037.105591,5.907008,0.168947,1.939803,5.907008,0.146469,0.150797,0.005585,-0.121094,-0.532342
0.305490,0.050492,61.935425,4.281104,0.181344,1.586389,4.281104,0.002406,0.005096,0.046430,0.024982,-0.647646
0.001005,0.008635,11577.250977,1.230243,0.030227,0.383755,1.230243,0.048028,0.048762,0.000140,-0.046393,-0.020786
0.000258,0.003258,27512.285156,0.767303,0.016088,0.227418,0.767303,0.030541,0.031044,0.000036,-0.030219,0.000000
cuboid > 21
0.000237,0.002811,29207.609375,0.744707,0.015063,0.216797,0.744707,0.028626,0.029050,0.000030,-0.028626,0.000000
0.001017,0.006536,11614.696289,1.251699,0.030157,0.387585,1.251699,0.047590,0.048318,0.000148,-0.046165,0.000000
0.031682,0.041850,2116.167236,5.903604,0.156067,1.868869,5.903604,0.129028,0.131737,0.004804,-0.113908,-0.171935
0.003901,0.025915,5457.198730,2.307690,0.057741,0.725357,2.307690,0.075547,0.077181,0.000533,-0.072093,-0.066865
0.256339,0.031605,26.231171,3.028317,0.121552,1.077472,3.028317,-0.016649,-0.015286,0.037613,0.031855,-0.767677
cuboid > 22
0.006761,0.072755,5528.816406,3.625570,0.090436,1.140915,3.625570,0.117866,0.122205,0.001283,-0.099288,-0.313198
0.000244,0.000000,27216.519531,0.726952,0.015625,0.212808,0.726952,0.028178,0.028178,0.000030,-0.028178,0.000000
0.151818,0.354465,1548.310059,16.776705,0.513986,5.796513,16.776705,0.386670,0.427702,0.049283,-0.149740,-2.036060
0.236522,0.075002,20.526115,3.277822,0.144848,1.228049,3.277822,-0.000731,0.002735,0.041123,0.036255,-1.138208
0.001156,0.037764,12595.144531,1.532182,0.035711,0.473698,1.532182,0.059451,0.061151,0.000180,-0.054939,-0.119968
cuboid > 23
0.001151,0.018080,12184.941406,1.449214,0.035406,0.459408,1.449214,0.060550,0.062652,0.000192,-0.055766,0.000000
0.008518,0.118058,5238.983398,3.841224,0.107687,1.276487,3.841224,0.147884,0.156396,0.002147,-0.111918,-0.562683
0.107180,0.263161,1608.274292,13.813003,0.383255,4.539100,13.813003,0.297317,0.323291,0.026157,-0.164023,-1.796234
0.000286,0.006392,28637.728516,0.728137,0.017149,0.224268,0.728137,0.033204,0.033937,0.000075,-0.030598,0.000000
0.223111,0.070063,25.024094,3.236120,0.150534,1.237324,3.236120,0.005003,0.009051,0.039885,0.032000,-1.278036
cuboid > 24
0.000254,0.007151,26776.384766,0.704489,0.015844,0.218337,0.704489,0.031618,0.032600,0.000039,-0.030886,0.000000
0.000690,0.025913,14074.901367,1.034425,0.027519,0.340022,1.034425,0.050246,0.051955,0.000109,-0.047300,-0.042883
0.039213,0.086165,2184.506348,6.699022,0.198340,2.271390,6.699022,0.175401,0.184067,0.009917,-0.124549,-0.917852
0.002354,0.024126,6550.135254,1.647286,0.046019,0.549968,1.647286,0.067505,0.069261,0.000351,-0.063439,-0.046843
0.269327,0.066862,40.914700,3.937594,0.175862,1.466149,3.937594,0.007792,0.011617,0.046522,0.030503,-0.868347
cuboid > 25
0.000798,0.020505,12474.548828,1.056574,0.027784,0.342843,1.056574,0.047311,0.048254,0.000114,-0.045409,-0.024859
0.347076,0.084629,43.737125,3.864411,0.197764,1.480867,3.864411,0.006907,0.011081,0.056463,0.033269,-1.719189
0.003675,0.071806,5660.224609,2.197945,0.061005,0.727768,2.197945,0.086223,0.088676,0.000581,-0.077447,-0.325264
0.000256,0.006065,25891.257812,0.705114,0.016203,0.219760,0.705114,0.031572,0.032227,0.000037,-0.030909,0.000000
0.031125,0.089618,2120.670166,5.719332,0.171087,1.922051,5.719332,0.157588,0.162894,0.006117,-0.121858,-0.840569
cuboid > 26
0.001024,0.012679,12084.002930,1.263098,0.031960,0.402758,1.263098,0.052374,0.053469,0.000168,-0.049198,-0.032386
0.031649,0.093645,2103.005127,5.804300,0.175859,1.973098,5.804300,0.165820,0.173667,0.006579,-0.124863,-0.513145
0.003923,0.030381,5706.188965,2.225903,0.064137,0.743080,2.225903,0.088042,0.090195,0.000729,-0.077547,-0.319013
0.000258,0.002832,26484.314453,0.701659,0.015989,0.219446,0.701659,0.031046,0.031857,0.000037,-0.030578,0.000000
0.251017,0.064073,41.696289,3.538857,0.168843,1.345190,3.538857,0.014351,0.018189,0.044114,0.025114,-1.232687
cuboid > 27
0.000250,0.009044,27436.246094,0.711749,0.015275,0.220435,0.711749,0.031511,0.032512,0.000038,-0.030866,0.000000
0.001071,0.010105,11950.503906,1.355951,0.033424,0.425988,1.355951,0.054778,0.055907,0.000163,-0.051846,0.000000
0.050626,0.109906,2000.967163,8.205260,0.230098,2.720624,8.205260,0.194281,0.204462,0.012177,-0.134022,-0.343343
0.004102,0.043375,5469.557129,2.341012,0.063274,0.752039,2.341012,0.085297,0.087275,0.000640,-0.077213,-0.097022
0.189339,0.057184,25.428104,2.886430,0.125403,1.078420,2.886430,0.004451,0.007497,0.032860,0.025410,-1.108014
cuboid > 28
0.000253,0.012835,26760.652344,0.740347,0.015458,0.227492,0.740347,0.032204,0.033202,0.000032,-0.032204,0.000000
0.001349,0.005350,11389.283203,1.598269,0.037288,0.486269,1.598269,0.058665,0.060036,0.000188,-0.056650,0.000000
0.095732,0.177022,1472.431274,11.360728,0.347183,3.870320,11.360728,0.257748,0.273917,0.024361,-0.143805,-1.155427
0.008757,0.023259,4590.162109,3.907647,0.093440,1.198654,3.907647,0.106760,0.109289,0.001338,-0.097418,-0.046475
0.195245,0.042283,13.063575,2.469975,0.103877,0.891815,2.469975,-0.007967,-0.005936,0.031826,0.029840,-0.988288
cuboid > 29
0.000244,0.000000,25457.109375,0.679972,0.015625,0.205581,0.679972,0.028178,0.028178,0.000030,-0.028178,0.000000
0.001053,0.011553,11742.541992,1.307618,0.033660,0.422207,1.307618,0.057476,0.059590,0.000186,-0.052850,0.000000
0.076223,0.028000,18.745962,1.547385,0.068307,0.577419,1.547385,0.009900,0.011462,0.012014,0.002496,-0.274049
0.007019,0.062614,5364.228027,3.677119,0.095543,1.186705,3.677119,0.130981,0.137667,0.001465,-0.107542,-0.167789
0.094180,0.242676,1594.804321,12.316165,0.341850,4.067591,12.316165,0.264259,0.285586,0.022124,-0.160996,-1.263430
cuboid > 30
0.001026,0.081793,11517.467773,1.263552,0.031513,0.413903,1.263552,0.058629,0.062325,0.000172,-0.054755,-0.044002
0.093066,0.253860,1594.702271,11.718153,0.342270,3.919395,11.718153,0.262599,0.284560,0.023439,-0.150011,-1.253020
0.007617,0.070482,4793.517090,3.041488,0.089240,1.030377,3.041488,0.115229,0.121505,0.001844,-0.091670,-0.392315
0.083115,0.030521,19.089996,1.501766,0.071379,0.577687,1.501766,0.009594,0.011174,0.013621,0.003872,-0.397198
0.000256,0.004288,26563.257812,0.747688,0.016143,0.226193,0.747688,0.031378,0.031996,0.000033,-0.031113,0.000000
cuboid > 31
0.003873,0.025113,5604.015137,2.053362,0.057860,0.678460,2.053362,0.078255,0.080345,0.000800,-0.070058,-0.105298
0.000938,0.022908,11872.467773,1.192392,0.029935,0.375152,1.192392,0.048893,0.049662,0.000133,-0.046225,-0.103714
0.093345,0.034980,25.291315,1.848464,0.084157,0.693545,1.848464,0.013447,0.015485,0.015809,0.003931,-0.392566
0.035916,0.075021,2060.810791,6.135560,0.178979,2.038333,6.135560,0.155898,0.162673,0.007526,-0.117716,-0.469384
0.000247,0.000306,25671.798828,0.700544,0.015778,0.210720,0.700544,0.028729,0.028821,0.000030,-0.028729,0.000000
cuboid > 32
0.000252,0.004481,25981.773438,0.703259,0.015960,0.216365,0.703259,0.030503,0.031064,0.000036,-0.030050,0.000000
0.000877,0.025518,12178.780273,1.148975,0.029247,0.374624,1.148975,0.050760,0.052241,0.000132,-0.048001,-0.077749
0.117405,0.038638,28.337666,1.955325,0.090293,0.726613,1.955325,0.012439,0.014365,0.018572,0.003214,-0.577534
0.003859,0.038383,5720.280762,2.259065,0.061118,0.745087,2.259065,0.084270,0.086788,0.000632,-0.076830,-0.186177
0.024972,0.128044,2150.616455,4.668245,0.142886,1.577688,4.668245,0.136692,0.142054,0.004390,-0.111255,-0.920753
cuboid > 33
0.000246,0.001642,26118.802734,0.682993,0.015600,0.210159,0.682993,0.029546,0.030036,0.000033,-0.029383,0.000000
0.000862,0.008929,12434.643555,1.094507,0.027579,0.350205,1.094507,0.045131,0.045877,0.000122,-0.043939,-0.001422
0.085580,0.028615,25.994951,1.751062,0.075163,0.641117,1.751062,0.011953,0.013411,0.013505,0.000431,-0.258129
0.003718,0.022175,5712.509766,2.131979,0.057751,0.692700,2.131979,0.075951,0.077367,0.000559,-0.070766,-0.118639
0.037608,0.080497,1997.425171,6.007473,0.186303,2.073453,6.007473,0.165613,0.175978,0.008888,-0.115166,-0.673161
cuboid > 34
0.001252,0.001668,12404.675781,1.601837,0.036454,0.483445,1.601837,0.055852,0.056350,0.000183,-0.053061,0.000000
0.000244,0.001501,27258.111328,0.710358,0.015598,0.214783,0.710358,0.029483,0.029931,0.000032,-0.029339,0.000000
0.073859,0.101003,1673.005249,10.481956,0.281447,3.377954,10.481956,0.212071,0.223402,0.014441,-0.146644,-0.808161
0.006923,0.039417,5265.435547,3.543305,0.088667,1.128750,3.543305,0.115703,0.120353,0.001402,-0.094983,-0.095977
0.059234,0.023397,18.080139,1.306563,0.058428,0.489382,1.306563,0.010416,0.011710,0.009311,-0.000266,-0.262966
cuboid > 35
0.000244,0.001225,27870.283203,0.748871,0.015625,0.219669,0.748871,0.029283,0.029649,0.000033,-0.028916,0.000000
0.001252,0.008333,11595.924805,1.518641,0.035742,0.463310,1.518641,0.056697,0.057942,0.000176,-0.054872,0.000000
0.054036,0.016426,11.490240,1.068492,0.047275,0.393948,1.068492,0.004712,0.005450,0.007834,0.001134,-0.194334
0.007296,0.051664,5043.687988,3.643143,0.087805,1.114748,3.643143,0.107763,0.110794,0.001219,-0.095084,-0.316533
0.113260,0.239861,1422.740967,13.374124,0.357604,4.280592,13.374124,0.241237,0.256955,0.021768,-0.157357,-1.041035
