cuboid > 1
0.001319,0.010631,11536.391602,1.456267,0.035336,0.456398,1.456267,0.055821,0.057981,0.000228,-0.052202,0.000000
0.063110,0.004308,14.182439,1.083753,0.051471,0.416774,1.083753,0.000727,0.000870,0.007936,0.000464,-0.022471
0.000244,0.000000,27950.613281,0.746551,0.015625,0.215825,0.746551,0.028178,0.028178,0.000030,-0.028178,0.000000
0.007059,0.003321,5035.276855,3.435841,0.080052,1.037333,3.435841,0.090026,0.091096,0.001140,-0.082404,0.000000
0.040513,0.049200,1782.100708,6.215395,0.158132,1.902372,6.215395,0.111885,0.112973,0.005337,-0.103646,-0.510499
cuboid > 2
0.001159,0.002314,12113.540039,1.434712,0.032086,0.427203,1.434712,0.047776,0.047940,0.000144,-0.047553,0.000000
0.098458,0.007202,27.911400,1.712189,0.080621,0.655910,1.712189,0.002529,0.002795,0.012491,-0.000320,-0.137798
0.004866,0.002509,5731.622070,2.792408,0.064946,0.839300,2.792408,0.076501,0.076847,0.000615,-0.075301,0.000000
0.000244,0.000000,27534.603516,0.735437,0.015625,0.214116,0.735437,0.028178,0.028178,0.000030,-0.028178,0.000000
0.035086,0.007251,1915.379150,5.918210,0.154131,1.868077,5.918210,0.113371,0.114218,0.004503,-0.109779,-0.032784
cuboid > 3
0.003686,0.030074,5622.314941,2.004267,0.057413,0.657962,2.004267,0.077738,0.079477,0.000706,-0.069309,-0.170624
0.000252,0.003766,25590.683594,0.681145,0.015910,0.210304,0.681145,0.030036,0.030449,0.000036,-0.029630,0.000000
0.141958,0.019369,54.420521,2.530655,0.143247,1.048698,2.530655,0.021338,0.022471,0.018777,-0.012424,-0.314768
0.043157,0.067341,1860.017456,6.704336,0.181115,2.142333,6.704336,0.139949,0.143777,0.007056,-0.116231,-0.498492
0.000872,0.012194,12005.556641,1.101423,0.028206,0.350400,1.101423,0.046366,0.047083,0.000118,-0.045012,-0.027281
cuboid > 4
0.125775,0.025755,64.843697,2.437685,0.161055,1.027576,2.437685,0.051669,0.053828,0.017390,-0.033903,-0.297970
0.001072,0.028684,11747.690430,1.235996,0.033741,0.409966,1.235996,0.058714,0.060886,0.000216,-0.052857,-0.054634
0.040662,0.120571,1970.739380,7.206731,0.206458,2.388411,7.206731,0.180682,0.187077,0.007354,-0.139055,-0.583406
0.005586,0.079910,5443.280762,3.036941,0.084932,1.011431,3.036941,0.118667,0.123270,0.001150,-0.098556,-0.285724
0.000260,0.005309,25241.525391,0.691404,0.016540,0.217794,0.691404,0.032194,0.032899,0.000039,-0.031286,0.000000
cuboid > 5
0.001168,0.026408,11961.974609,1.445422,0.035876,0.457674,1.445422,0.058589,0.059780,0.000198,-0.054008,-0.063365
0.132686,0.030341,75.740585,2.398566,0.175066,1.053395,2.398566,0.058026,0.060741,0.018148,-0.038302,-0.267799
0.005625,0.068525,5561.329590,3.049336,0.081791,0.990207,3.049336,0.110010,0.113541,0.001184,-0.090695,-0.417666
0.000251,0.004075,25330.179688,0.679777,0.015788,0.212297,0.679777,0.030324,0.030901,0.000035,-0.029983,0.000000
0.048189,0.138719,1937.774536,8.206229,0.230386,2.686859,8.206229,0.199678,0.208214,0.009651,-0.142044,-0.810435
cuboid > 6
0.000245,0.002378,26885.017578,0.719780,0.015637,0.213835,0.719780,0.028870,0.029053,0.000031,-0.028778,0.000000
0.001180,0.006952,11855.291992,1.473195,0.034001,0.448346,1.473195,0.052723,0.053404,0.000165,-0.050874,-0.013356
0.004827,0.019531,5276.706543,2.560833,0.062464,0.789170,2.560833,0.077116,0.078349,0.000672,-0.072739,-0.123218
0.113526,0.007280,75.946022,2.202045,0.137321,0.951900,2.202045,0.029703,0.030350,0.014306,-0.025751,-0.105852
0.040721,0.040003,1843.595825,6.624848,0.167243,2.052902,6.624848,0.123696,0.125982,0.005535,-0.112395,-0.359968
cuboid > 7
0.001083,0.004016,12260.956055,1.378836,0.031716,0.411366,1.378836,0.048191,0.048430,0.000143,-0.047132,-0.013092
0.004222,0.021785,5450.087402,2.386753,0.059732,0.733207,2.386753,0.074713,0.075530,0.000612,-0.069732,-0.175757
0.000244,0.001215,28208.529297,0.743085,0.015552,0.216805,0.743085,0.028617,0.028786,0.000031,-0.028544,0.000000
0.055000,0.004163,26.239904,0.970495,0.053137,0.386743,0.970495,0.007706,0.007948,0.006995,-0.005647,-0.069130
0.025042,0.038370,2020.145142,4.523726,0.129770,1.465394,4.523726,0.109743,0.111015,0.003633,-0.098772,-0.443200
cuboid > 8
0.000244,0.000000,27440.298828,0.732928,0.015625,0.213728,0.732928,0.028178,0.028178,0.000030,-0.028178,0.000000
0.001071,0.010075,10910.540039,1.238103,0.029671,0.381156,1.238103,0.045592,0.046164,0.000141,-0.045043,0.000000
0.075063,0.109078,1757.810547,10.444782,0.263951,3.229656,10.444782,0.179290,0.185009,0.013752,-0.130800,-0.662880
0.005370,0.041308,5405.689941,3.036365,0.071401,0.916610,3.036365,0.087823,0.089453,0.000749,-0.082373,-0.430211
0.191838,0.027081,19.212080,2.361370,0.106052,0.896984,2.361370,-0.008323,-0.007354,0.026914,0.020700,-0.423384
cuboid > 9
0.000244,0.000000,26391.593750,0.704925,0.015625,0.209419,0.704925,0.028178,0.028178,0.000030,-0.028178,0.000000
0.001156,0.000830,12453.363281,1.442928,0.032804,0.434615,1.442928,0.049022,0.049270,0.000154,-0.048366,0.000000
0.264450,0.032975,39.441715,3.430110,0.157593,1.314518,3.430110,-0.007031,-0.005773,0.037091,0.023027,-0.802034
0.005199,0.010139,5731.346191,2.988053,0.073100,0.936295,2.988053,0.091873,0.093800,0.000887,-0.082246,-0.069862
0.048547,0.050884,1893.604614,7.687184,0.207214,2.468306,7.687184,0.152807,0.155821,0.007876,-0.129449,-0.593457
cuboid > 10
0.004444,0.081473,5615.672852,2.607288,0.068067,0.832909,2.607288,0.092873,0.095495,0.000715,-0.082505,-0.508358
0.000265,0.004447,26258.462891,0.722379,0.016716,0.224983,0.722379,0.032497,0.033225,0.000041,-0.031575,0.000000
0.001038,0.026040,12107.615234,1.261988,0.032320,0.404385,1.261988,0.053990,0.055298,0.000181,-0.049952,-0.056556
0.358285,0.049997,87.185242,4.980152,0.291388,2.113443,4.980152,0.037759,0.041604,0.053207,0.001728,-0.598300
0.037119,0.118946,1906.965088,6.277369,0.182377,2.062190,6.277369,0.155287,0.159594,0.006228,-0.125814,-0.858997
cuboid > 11
0.001218,0.049323,11926.601562,1.452290,0.037831,0.475663,1.452290,0.066306,0.068882,0.000236,-0.058786,-0.196062
0.006918,0.108415,5310.716797,3.472744,0.100937,1.168865,3.472744,0.139534,0.145341,0.001697,-0.108182,-0.711065
0.343478,0.067940,93.927643,4.695092,0.310952,1.988741,4.695092,0.077327,0.082311,0.049723,-0.033092,-0.749781
0.046664,0.183007,1885.697632,7.934647,0.241682,2.690756,7.934647,0.218803,0.228050,0.009596,-0.153784,-1.733711
0.000243,0.004397,26915.951172,0.661841,0.015108,0.209868,0.661841,0.030264,0.031263,0.000036,-0.029886,0.000000
cuboid > 12
0.001360,0.043652,11744.934570,1.665482,0.040015,0.528107,1.665482,0.067827,0.070375,0.000240,-0.060887,-0.335690
0.043106,0.140186,1902.226440,7.617570,0.224392,2.579017,7.617570,0.201386,0.209734,0.008856,-0.143559,-1.098966
0.008160,0.059901,5188.912109,4.027674,0.105096,1.302591,4.027674,0.134796,0.139656,0.001867,-0.107274,-0.347682
0.000290,0.003420,24169.287109,0.742976,0.017629,0.235506,0.742976,0.033934,0.034713,0.000046,-0.032845,0.000000
0.369279,0.059828,104.294441,4.922069,0.338415,2.129926,4.922069,0.084275,0.090206,0.053204,-0.034929,-0.810928
cuboid > 13
0.000257,0.001131,26130.242188,0.713225,0.016120,0.216222,0.713225,0.029963,0.030300,0.000035,-0.029618,0.000000
0.001108,0.013243,11816.068359,1.375571,0.032984,0.425743,1.375571,0.052325,0.053039,0.000157,-0.050098,-0.069521
0.005693,0.036877,5176.772461,2.908521,0.071715,0.898506,2.908521,0.087101,0.088463,0.000855,-0.079984,-0.268459
0.326122,0.042494,110.631577,4.827085,0.279478,2.034804,4.827085,0.037782,0.040505,0.045312,-0.013606,-0.508725
0.049159,0.069415,1770.922607,7.606532,0.198789,2.404672,7.606532,0.146604,0.150419,0.007512,-0.124302,-0.577099
cuboid > 14
0.000252,0.001523,27850.490234,0.751207,0.015596,0.221274,0.751207,0.029186,0.029641,0.000034,-0.029123,0.000000
0.001173,0.009028,12168.205078,1.499228,0.033847,0.449525,1.499228,0.052215,0.052863,0.000162,-0.050442,-0.029859
0.034379,0.060604,1889.216919,5.643707,0.168834,1.885140,5.643707,0.137077,0.139592,0.005487,-0.117278,-0.707020
0.004756,0.016979,5550.622559,2.559711,0.065338,0.797701,2.559711,0.081398,0.082406,0.000887,-0.072875,-0.050334
0.179517,0.025808,30.398344,2.118496,0.102102,0.809777,2.118496,-0.001960,-0.000958,0.025163,0.013285,-0.394680
cuboid > 15
0.000230,0.007031,30811.876953,0.744479,0.014219,0.215234,0.744479,0.028178,0.028703,0.000030,-0.028178,0.000000
0.001119,0.076763,12525.357422,1.526628,0.037347,0.487171,1.526628,0.066704,0.068826,0.000197,-0.058575,-1.048142
0.171575,0.337556,1240.797974,16.232407,0.478266,5.360788,16.232407,0.293093,0.310517,0.043790,-0.130997,-3.820994
0.006621,0.122906,5153.558105,3.354113,0.090142,1.074071,3.354113,0.120523,0.125878,0.001370,-0.097830,-0.638947
0.228343,0.052604,16.565746,2.857912,0.125379,1.077491,2.857912,-0.008837,-0.006954,0.034658,0.030153,-0.561342
cuboid > 16
0.000251,0.002873,28562.628906,0.763436,0.015621,0.225469,0.763436,0.030092,0.030772,0.000034,-0.029973,0.000000
0.001243,0.015190,12418.623047,1.567025,0.035937,0.476566,1.567025,0.056309,0.057235,0.000188,-0.053085,-0.040758
0.054045,0.148393,1947.496338,8.640066,0.234131,2.792863,8.640066,0.183405,0.191633,0.011435,-0.131605,-1.480768
0.005372,0.043671,5722.448242,3.137655,0.075551,0.972697,3.137655,0.096473,0.098592,0.000864,-0.085963,-0.408853
0.284379,0.054954,33.129543,3.568127,0.164146,1.352287,3.568127,-0.006773,-0.004427,0.042798,0.032562,-0.900551
cuboid > 17
0.004763,0.047060,5653.322754,2.648638,0.069086,0.843474,2.648638,0.090184,0.092520,0.000811,-0.081423,-0.259380
0.001048,0.028349,11832.090820,1.266269,0.031380,0.400009,1.266269,0.051002,0.052096,0.000162,-0.048299,-0.146510
0.367384,0.070114,79.842812,4.789715,0.260237,1.953725,4.789715,0.020527,0.024234,0.054803,0.015170,-0.781734
0.000255,0.002345,25063.416016,0.700014,0.016207,0.218352,0.700014,0.031102,0.031724,0.000035,-0.030770,0.000000
0.033327,0.087234,2025.220459,5.835175,0.170457,1.937026,5.835175,0.146403,0.150675,0.005707,-0.120535,-0.826672
cuboid > 18
0.001675,0.049410,10053.418945,1.583324,0.043584,0.530097,1.583324,0.071652,0.074259,0.000342,-0.063301,-0.229922
5.571472,0.804688,-9.402434,3.159436,2.738593,2.492187,3.159436,-0.631648,-0.615251,0.901711,1.138068,-688.717957
0.015057,0.117342,3205.231201,4.061136,0.128987,1.406832,4.061136,0.146588,0.152297,0.003285,-0.115182,-0.859373
0.351339,0.088493,122.525856,4.909976,0.269807,1.982782,4.909976,0.044535,0.049103,0.053386,-0.003258,-0.487879
0.000346,0.009677,24405.853516,0.763371,0.018706,0.248935,0.763371,0.037094,0.038649,0.000086,-0.034656,0.000000
cuboid > 19
0.355562,0.066275,83.113640,4.647265,0.256192,1.877763,4.647265,0.032263,0.036101,0.052448,0.002056,-0.807483
0.001131,0.015249,11853.096680,1.384663,0.033930,0.434550,1.384663,0.054740,0.055883,0.000168,-0.051977,-0.035736
0.000271,0.004164,24658.349609,0.700987,0.016872,0.221866,0.700987,0.032606,0.033347,0.000042,-0.031735,0.000000
0.004905,0.049774,5578.724609,2.765605,0.073846,0.901951,2.765605,0.099918,0.103129,0.000895,-0.087803,-0.163742
0.037818,0.078633,1890.035522,6.145557,0.187869,2.104535,6.145557,0.160254,0.165537,0.006972,-0.127090,-0.742215
cuboid > 20
0.004159,0.021621,5602.372070,2.387719,0.060331,0.745751,2.387719,0.076164,0.077059,0.000583,-0.072340,-0.082883
0.038850,0.062071,1966.425415,6.656610,0.181179,2.151279,6.656610,0.146352,0.150521,0.006813,-0.120192,-0.417023
0.290075,0.065566,73.439369,4.173283,0.209888,1.656846,4.173283,0.020024,0.023206,0.042761,0.006897,-0.687624
0.000995,0.006470,12072.064453,1.229396,0.029688,0.378328,1.229396,0.045838,0.046147,0.000129,-0.045124,-0.011482
0.000241,0.000636,27143.203125,0.706425,0.015402,0.210024,0.706425,0.028350,0.028540,0.000030,-0.028293,0.000000
cuboid > 21
0.000244,0.000000,27019.634766,0.721703,0.015625,0.211999,0.721703,0.028178,0.028178,0.000030,-0.028178,0.000000
0.001239,0.007354,12048.085938,1.561164,0.034580,0.463811,1.561164,0.052292,0.052773,0.000164,-0.050999,-0.021349
0.033141,0.074636,2020.132935,6.058365,0.170614,1.974735,6.058365,0.144162,0.147404,0.005475,-0.121816,-0.547668
0.005334,0.037141,5535.002930,3.024922,0.071735,0.920349,3.024922,0.088847,0.090377,0.000809,-0.082329,-0.108188
0.186867,0.040280,24.443241,2.245251,0.103218,0.844455,2.245251,-0.003136,-0.001506,0.028675,0.020567,-0.563193
cuboid > 22
0.002946,0.053712,6731.428223,2.106767,0.055920,0.655723,2.106767,0.081494,0.083275,0.000487,-0.072186,-0.487630
0.000244,0.000000,28662.876953,0.765572,0.015625,0.218750,0.765572,0.028178,0.028178,0.000030,-0.028178,0.000000
0.092616,0.332043,1907.020630,12.219530,0.380655,4.225799,12.219530,0.319336,0.345514,0.033990,-0.136483,-1.430082
0.178026,0.063285,22.249701,2.974509,0.132358,1.129117,2.974509,0.006871,0.010024,0.031474,0.025268,-0.778654
0.000970,0.056121,14647.219727,1.606292,0.036759,0.491771,1.606292,0.068330,0.071175,0.000187,-0.061085,-0.162761
cuboid > 23
0.000695,0.007661,15267.671875,1.120102,0.025546,0.337903,1.120102,0.042103,0.042539,0.000091,-0.041274,-0.019718
0.004557,0.099800,6582.095703,2.959469,0.073373,0.933215,2.959469,0.106908,0.111692,0.000917,-0.089946,-0.853296
0.067235,0.256495,1946.181885,10.048488,0.292513,3.311301,10.048488,0.245989,0.259366,0.017312,-0.145091,-2.551590
0.000237,0.000890,28584.353516,0.740206,0.015180,0.214300,0.740206,0.028178,0.028444,0.000030,-0.028178,0.000000
0.209039,0.056548,24.254353,2.966197,0.149785,1.165653,2.966197,0.008123,0.011603,0.035795,0.027188,-1.268368
cuboid > 24
0.000272,0.007367,26460.675781,0.739350,0.016687,0.230473,0.739350,0.033747,0.035082,0.000047,-0.032619,0.000000
0.000937,0.015829,13576.854492,1.139065,0.029005,0.371540,1.139065,0.049091,0.050994,0.000213,-0.046076,0.000000
0.033070,0.092311,2117.923584,5.806561,0.177190,1.981046,5.806561,0.163289,0.170886,0.007701,-0.119880,-0.549260
0.002557,0.027486,6789.304688,1.627886,0.046955,0.546940,1.627886,0.067655,0.069587,0.000550,-0.061995,-0.082150
0.226665,0.074697,46.060257,3.377328,0.172403,1.338411,3.377328,0.019234,0.023406,0.040270,0.023414,-1.118061
cuboid > 25
0.000864,0.014575,12504.323242,1.136904,0.029877,0.370230,1.136904,0.050416,0.051463,0.000129,-0.047922,-0.019728
0.234373,0.087142,40.724430,3.433404,0.172728,1.336985,3.433404,0.018172,0.022349,0.041460,0.022824,-0.998269
0.003710,0.039969,5835.851562,2.201975,0.061876,0.732919,2.201975,0.085026,0.086784,0.000575,-0.077458,-0.186441
0.000262,0.001900,26580.224609,0.706569,0.016786,0.222245,0.706569,0.031986,0.032553,0.000041,-0.030926,0.000000
0.026973,0.099588,2122.493652,5.271441,0.168579,1.842238,5.271441,0.165469,0.172569,0.005702,-0.125268,-0.933124
cuboid > 26
0.001112,0.023178,11627.974609,1.374784,0.032879,0.426216,1.374784,0.052677,0.053608,0.000156,-0.050725,-0.039011
0.037380,0.095748,2012.181519,6.223675,0.181971,2.083707,6.223675,0.159510,0.166756,0.008784,-0.119249,-0.407957
0.004280,0.049600,5549.218262,2.459443,0.065939,0.801171,2.459443,0.090387,0.093185,0.000702,-0.081532,-0.172513
0.000258,0.002262,26081.195312,0.714088,0.016090,0.220181,0.714088,0.030818,0.031494,0.000036,-0.030499,0.000000
0.230200,0.066093,32.094532,2.899423,0.148784,1.132298,2.899423,0.006672,0.010088,0.038439,0.026785,-1.209901
cuboid > 27
0.000261,0.001798,26100.888672,0.732286,0.016344,0.223065,0.732286,0.030881,0.031419,0.000037,-0.030368,0.000000
0.001077,0.012341,11825.350586,1.369865,0.031829,0.422333,1.369865,0.050867,0.051787,0.000145,-0.049596,-0.039188
0.041663,0.081010,2049.007812,7.023427,0.190400,2.262564,7.023427,0.156678,0.162340,0.008301,-0.120451,-0.561010
0.004168,0.040249,5534.239746,2.408643,0.060081,0.751364,2.408643,0.077564,0.079044,0.000592,-0.073080,-0.368555
0.176890,0.060507,28.728674,2.576341,0.125983,1.002857,2.576341,0.009599,0.012790,0.030764,0.021532,-0.863321
cuboid > 28
0.000271,0.001747,26179.160156,0.755945,0.017372,0.227485,0.755945,0.032904,0.033425,0.000037,-0.032380,0.000000
0.001109,0.023003,10981.273438,1.342332,0.031221,0.411783,1.342332,0.050528,0.051505,0.000146,-0.048626,-0.061262
0.080968,0.181287,1697.379028,9.770913,0.306401,3.392901,9.770913,0.239938,0.256839,0.026037,-0.118102,-1.095232
0.004819,0.089172,5210.663086,2.579447,0.064326,0.803998,2.579447,0.083113,0.084743,0.000666,-0.075535,-0.485421
0.145044,0.055871,15.841228,2.091451,0.098473,0.790972,2.091451,0.002850,0.005068,0.025000,0.020412,-0.923605
cuboid > 29
0.000244,0.000000,28662.871094,0.765573,0.015625,0.218750,0.765573,0.028178,0.028178,0.000030,-0.028178,0.000000
0.001022,0.024109,12611.266602,1.295970,0.028929,0.395780,1.295970,0.048180,0.049446,0.000127,-0.048180,0.000000
0.069890,0.022634,16.403580,1.418792,0.070037,0.562712,1.418792,0.012456,0.014178,0.011537,0.001454,-0.178995
0.006064,0.101259,5204.196777,3.090929,0.082668,0.983753,3.090929,0.114355,0.119104,0.001105,-0.095396,-0.628207
0.144190,0.246894,1319.419800,14.821609,0.430190,4.927371,14.821609,0.288133,0.308471,0.034062,-0.149017,-1.773686
cuboid > 30
0.001327,0.042649,11226.035156,1.751679,0.040858,0.561090,1.751679,0.075296,0.079261,0.000245,-0.068018,0.000000
0.105328,0.301876,1542.526245,12.547406,0.355924,4.173083,12.547406,0.266008,0.288922,0.025752,-0.146336,-2.338692
0.007660,0.120733,5231.375488,3.768103,0.099058,1.237813,3.768103,0.136545,0.145833,0.002183,-0.106082,-0.296879
0.067044,0.027754,20.647411,1.381715,0.073278,0.551326,1.381715,0.015108,0.016540,0.009913,-0.004511,-0.209680
0.000301,0.030571,27397.146484,0.955594,0.017704,0.298233,0.955594,0.043615,0.046533,0.000060,-0.040406,0.000000
cuboid > 31
0.004919,0.114826,5417.948242,2.708708,0.069752,0.871105,2.708708,0.104167,0.110168,0.001042,-0.084993,-0.312045
0.001118,0.019900,10761.879883,1.215498,0.031831,0.392838,1.215498,0.052255,0.053709,0.000197,-0.048199,-0.084388
0.070647,0.030578,22.833929,1.514364,0.074870,0.587488,1.514364,0.015272,0.016962,0.010873,-0.002937,-0.374264
0.067074,0.182356,1791.616821,9.904535,0.270295,3.200607,9.904535,0.217926,0.230690,0.013867,-0.145498,-1.328889
0.000241,0.003720,27861.863281,0.739893,0.015327,0.221726,0.739893,0.030191,0.030968,0.000033,-0.029968,0.000000
cuboid > 32
0.000283,0.018352,25881.482422,0.742131,0.017114,0.228704,0.742131,0.033638,0.034501,0.000038,-0.032755,0.000000
0.000892,0.014243,12543.701172,1.123187,0.028611,0.359121,1.123187,0.046586,0.047270,0.000122,-0.044720,-0.032022
0.069593,0.027147,22.221630,1.508379,0.070752,0.575095,1.508379,0.012736,0.014344,0.010565,-0.001974,-0.208849
0.003705,0.039644,5557.258301,2.023890,0.058188,0.676954,2.023890,0.081750,0.084709,0.000678,-0.072470,-0.203422
0.057169,0.141007,1809.746948,8.493976,0.244855,2.839339,8.493976,0.208044,0.223544,0.012271,-0.142227,-0.256227
cuboid > 33
0.000261,0.001509,27433.693359,0.761158,0.016078,0.224014,0.761158,0.029993,0.030445,0.000035,-0.029813,0.000000
0.000974,0.023832,12580.890625,1.227464,0.028980,0.374829,1.227464,0.045533,0.046038,0.000129,-0.044175,-0.066122
0.064893,0.026262,18.142616,1.368790,0.063881,0.518812,1.368790,0.009464,0.010732,0.009828,0.000214,-0.165910
0.004534,0.030134,5587.480957,2.365767,0.061024,0.744100,2.365767,0.077057,0.078715,0.000892,-0.068613,-0.222797
0.045015,0.154238,1978.875977,7.259885,0.208737,2.381715,7.259885,0.177061,0.188152,0.009793,-0.126210,-0.516691
cuboid > 34
0.000671,0.000000,11937.509766,0.904999,0.023996,0.287946,0.904999,0.038004,0.038004,0.000082,-0.038004,0.000000
0.000366,0.126953,27096.707031,1.092544,0.020227,0.353516,1.092544,0.056357,0.061017,0.000059,-0.054016,0.000000
0.168483,0.397134,1141.917358,15.558133,0.430056,5.073774,15.558133,0.261552,0.282362,0.032975,-0.147740,-1.469750
0.008122,0.323188,4680.098633,3.395067,0.096773,1.181904,3.395067,0.149195,0.164368,0.002176,-0.116248,-0.940610
0.050569,0.024463,11.828857,1.021595,0.053079,0.403003,1.021595,0.009655,0.010822,0.007675,-0.001516,-0.247630
cuboid > 35
0.000244,0.002930,29428.730469,0.800716,0.015625,0.233398,0.800716,0.030820,0.031694,0.000038,-0.029942,0.000000
0.001445,0.004630,11488.412109,1.492024,0.038452,0.476981,1.492024,0.059880,0.061264,0.000330,-0.052964,0.000000
0.045799,0.022990,12.518381,1.043043,0.046505,0.380363,1.043043,0.007791,0.008625,0.006715,-0.001563,-0.328637
0.006026,0.037646,5082.586914,2.879627,0.071056,0.896623,2.879627,0.086022,0.088102,0.000994,-0.077829,-0.177484
0.147566,0.363810,1318.237305,14.452377,0.413210,4.784624,14.452377,0.266782,0.290176,0.033627,-0.139588,-1.461228
