cuboid > 1
0.002044,0.018253,9956.800781,2.019598,0.045204,0.611176,2.019598,0.066293,0.067653,0.000284,-0.063645,0.000000
0.249265,0.017583,14.950069,3.016145,0.139439,1.164668,3.016145,-0.020596,-0.019846,0.032673,0.028104,-0.253902
0.000247,0.001368,28309.531250,0.750538,0.015665,0.219676,0.750538,0.029240,0.029569,0.000035,-0.028932,0.000000
0.012931,0.011695,4030.583740,4.860120,0.109539,1.451221,4.860120,0.109199,0.110295,0.001813,-0.102198,-0.047827
0.255859,0.229750,976.775085,20.228153,0.505522,6.272459,20.228153,0.208253,0.217269,0.044230,-0.118966,-1.437425
cuboid > 2
0.001126,0.007118,12124.169922,1.422580,0.032174,0.425798,1.422580,0.049068,0.049561,0.000144,-0.048528,0.000000
0.347390,0.038331,41.409603,5.225317,0.233781,1.987320,5.225317,-0.007452,-0.005099,0.048496,0.031533,-0.430152
0.006088,0.059838,5206.221191,3.223302,0.075101,0.981218,3.223302,0.092720,0.094922,0.000856,-0.086310,-0.425148
0.000233,0.001428,27359.201172,0.693437,0.014911,0.206773,0.693437,0.028178,0.028604,0.000030,-0.028178,0.000000
0.090099,0.154132,1562.864258,11.804887,0.308208,3.759879,11.804887,0.210181,0.220514,0.017736,-0.143539,-1.197617
cuboid > 3
0.006877,0.089889,4899.629395,3.415315,0.088458,1.098968,3.415315,0.118498,0.123905,0.001289,-0.100052,-0.382313
0.000250,0.000304,27180.265625,0.744035,0.016016,0.218880,0.744035,0.029156,0.029247,0.000032,-0.028948,0.000000
0.391815,0.080492,60.842243,6.184988,0.296051,2.406506,6.184988,0.015407,0.019701,0.056882,0.024974,-0.989874
0.076860,0.197837,1573.122314,10.076280,0.293496,3.389928,10.076280,0.231865,0.245441,0.017348,-0.148178,-0.740357
0.001156,0.049538,11130.219727,1.343992,0.034151,0.426326,1.343992,0.057371,0.058868,0.000205,-0.051522,-0.205030
cuboid > 4
0.356855,0.091042,63.321972,5.177360,0.299636,2.117791,5.177360,0.039063,0.044644,0.052705,0.009697,-1.719168
0.001019,0.040332,11863.036133,1.225516,0.033582,0.410565,1.225516,0.060706,0.063176,0.000201,-0.054541,-0.064738
0.046395,0.147205,1987.220947,8.014762,0.230585,2.674411,8.014762,0.210622,0.221047,0.010078,-0.147253,-0.566079
0.005348,0.105664,5610.419434,2.927636,0.084267,0.983518,2.927636,0.125471,0.131713,0.001217,-0.100944,-0.294719
0.000264,0.002788,25423.023438,0.714932,0.016380,0.222840,0.714932,0.031519,0.032238,0.000038,-0.030993,0.000000
cuboid > 5
0.001118,0.014276,11949.543945,1.389144,0.033705,0.430030,1.389144,0.053196,0.053875,0.000164,-0.050584,-0.045547
0.357908,0.095147,59.082859,5.173447,0.299388,2.134067,5.173447,0.033001,0.038143,0.053728,0.016155,-1.354794
0.006177,0.085768,5546.718262,3.280402,0.090634,1.076401,3.280402,0.127092,0.132913,0.001450,-0.101168,-0.312270
0.000258,0.003049,25892.863281,0.708036,0.016204,0.219230,0.708036,0.031012,0.031571,0.000036,-0.030464,0.000000
0.062338,0.230364,1837.832275,9.498280,0.263573,3.088157,9.498280,0.221606,0.233197,0.013617,-0.145009,-1.500446
cuboid > 6
0.000247,0.000475,26684.167969,0.721615,0.015801,0.214624,0.721615,0.028925,0.029067,0.000031,-0.028842,0.000000
0.001173,0.041151,12055.890625,1.491712,0.033999,0.448606,1.491712,0.054108,0.054987,0.000165,-0.050785,-0.182358
0.006004,0.042386,5314.062012,3.059895,0.077454,0.959165,3.059895,0.098879,0.101913,0.001095,-0.085547,-0.374532
0.292159,0.058821,46.173981,4.804760,0.235200,1.874012,4.804760,0.010979,0.014130,0.042363,0.017916,-0.735160
0.075283,0.183458,1710.640381,10.603895,0.269979,3.331645,10.603895,0.195277,0.205215,0.014025,-0.140256,-1.108509
cuboid > 7
0.001370,0.002012,11864.163086,1.675962,0.038318,0.505776,1.675962,0.058331,0.058931,0.000204,-0.055088,0.000000
0.007620,0.069715,5105.672852,3.864727,0.091018,1.194337,3.864727,0.114441,0.118919,0.001370,-0.097340,-0.714770
0.000273,0.000000,27335.085938,0.793680,0.017500,0.235000,0.793680,0.031560,0.031560,0.000041,-0.030436,0.000000
0.149847,0.019849,29.380363,2.618810,0.122144,0.982417,2.618810,0.004049,0.004893,0.019718,0.003250,-0.227676
0.079715,0.146316,1555.093506,10.682069,0.268401,3.256858,10.682069,0.175007,0.179347,0.011798,-0.141001,-1.554376
cuboid > 8
0.000242,0.000271,25414.460938,0.671752,0.015490,0.204149,0.671752,0.028178,0.028259,0.000030,-0.028178,0.000000
0.001089,0.016654,11594.616211,1.379680,0.032714,0.435289,1.379680,0.053570,0.055161,0.000150,-0.051860,-0.051748
0.065180,0.082594,1765.303223,9.902554,0.257186,3.120685,9.902554,0.187560,0.195048,0.011308,-0.146623,-0.663969
0.007577,0.045961,5158.949707,3.698692,0.090446,1.154546,3.698692,0.108567,0.111171,0.001340,-0.094912,-0.186999
0.476260,0.062125,30.197330,5.198812,0.225337,1.946796,5.198812,-0.036347,-0.033986,0.069711,0.065180,-0.860298
cuboid > 9
0.000248,0.003611,26163.390625,0.674896,0.015560,0.212620,0.674896,0.030845,0.031798,0.000037,-0.030362,0.000000
0.001146,0.006776,12184.784180,1.455735,0.034405,0.453795,1.455735,0.055487,0.056791,0.000174,-0.052721,0.000000
0.603585,0.077103,67.607216,8.005666,0.348076,3.009753,8.005666,-0.019667,-0.015233,0.090396,0.068961,-1.141500
0.004874,0.035665,5661.491211,2.864550,0.071631,0.909598,2.864550,0.094291,0.096881,0.000756,-0.085884,-0.021594
0.060404,0.070877,1793.500610,8.930926,0.230051,2.823029,8.930926,0.165871,0.171283,0.010145,-0.132905,-0.409227
cuboid > 10
0.005126,0.052552,5483.501465,2.931673,0.075735,0.943282,2.931673,0.103700,0.107632,0.000948,-0.089413,-0.152544
0.000290,0.008213,26008.439453,0.791800,0.017868,0.247577,0.791800,0.035498,0.036767,0.000049,-0.034056,0.000000
0.001320,0.023244,11750.162109,1.599950,0.039436,0.510226,1.599950,0.066034,0.068129,0.000266,-0.059083,-0.017074
0.601490,0.120621,105.660950,8.791207,0.417465,3.438373,8.791207,0.044010,0.054602,0.096483,0.043068,-1.453351
0.054399,0.155571,1877.117310,8.257418,0.237801,2.740272,8.257418,0.198335,0.208926,0.013306,-0.131386,-0.697157
cuboid > 11
0.001263,0.040147,11816.701172,1.355021,0.038316,0.460917,1.355021,0.066169,0.068527,0.000314,-0.057044,-0.187796
0.007342,0.078720,5421.458496,3.495487,0.102895,1.189736,3.495487,0.142793,0.149501,0.002201,-0.106659,-0.243057
0.544163,0.126492,104.710876,6.883915,0.375035,2.764912,6.883915,0.057636,0.065564,0.082507,0.012259,-1.634193
0.059811,0.170251,1912.992676,9.280023,0.292608,3.209104,9.280023,0.264495,0.279937,0.015863,-0.155323,-0.938980
0.000265,0.009140,24843.945312,0.665205,0.016512,0.217050,0.665205,0.032736,0.033726,0.000041,-0.031652,-0.022568
cuboid > 12
0.001052,0.013962,11962.657227,1.269632,0.034851,0.420455,1.269632,0.059421,0.061251,0.000233,-0.052442,-0.038443
0.053672,0.195238,1904.806641,8.477518,0.259707,2.879045,8.477518,0.231536,0.243508,0.012532,-0.150302,-1.590879
0.005595,0.090982,5493.798340,3.001059,0.084105,0.996050,3.001059,0.116165,0.120404,0.001273,-0.093431,-0.920322
0.000284,0.003729,25467.593750,0.746226,0.017755,0.236775,0.746226,0.034601,0.035576,0.000048,-0.033029,0.000000
0.575499,0.140694,97.286537,7.323008,0.411449,3.001035,7.323008,0.060852,0.070659,0.089965,0.020579,-1.752911
cuboid > 13
0.000253,0.000547,26089.046875,0.716702,0.016172,0.215871,0.716702,0.029658,0.029821,0.000033,-0.029363,0.000000
0.001045,0.022189,11759.443359,1.264309,0.032250,0.396951,1.264309,0.052685,0.053677,0.000164,-0.048663,-0.087675
0.004932,0.087313,5467.578125,2.772276,0.072665,0.887109,2.772276,0.099791,0.103009,0.000828,-0.086379,-0.479331
0.533400,0.110977,78.496758,7.813721,0.362152,2.999940,7.813721,0.023058,0.031057,0.083368,0.043191,-1.017046
0.051813,0.161240,1980.024048,8.631012,0.232794,2.798262,8.631012,0.194170,0.204996,0.011616,-0.136969,-1.041787
cuboid > 14
0.000247,0.001270,26509.652344,0.701345,0.015625,0.212825,0.701345,0.029228,0.029607,0.000032,-0.029133,0.000000
0.001220,0.018048,12230.022461,1.513662,0.034314,0.460472,1.513662,0.053659,0.054593,0.000172,-0.051997,0.000000
0.050965,0.111524,1931.223511,8.442333,0.202933,2.570798,8.442333,0.149689,0.155172,0.007737,-0.127729,-0.727404
0.004370,0.027244,5635.570312,2.478079,0.062296,0.774090,2.478079,0.079659,0.081297,0.000715,-0.072323,-0.154173
0.331051,0.050165,39.608528,4.495404,0.186399,1.630550,4.495404,-0.015433,-0.013421,0.046672,0.034577,-0.787602
cuboid > 15
0.000246,0.001668,26775.394531,0.714114,0.015744,0.216742,0.714114,0.029897,0.030395,0.000033,-0.029653,0.000000
0.001265,0.028199,12209.481445,1.631230,0.037608,0.509920,1.631230,0.063471,0.065816,0.000211,-0.057998,-0.060612
10.942831,1.623498,31.885645,25.287184,3.499835,11.398579,25.287184,-1.289829,-1.245907,1.636212,1.874631,-633.658997
0.024670,0.120393,3434.104004,6.810020,0.172181,2.152837,6.810020,0.179422,0.188284,0.005457,-0.136615,-0.505388
0.495275,0.095531,45.063019,5.462033,0.232584,2.031382,5.462033,-0.029627,-0.025523,0.076903,0.070124,-0.760596
cuboid > 16
0.000256,0.008278,24917.091797,0.691021,0.016075,0.215541,0.691021,0.030904,0.031438,0.000035,-0.030459,0.000000
0.001155,0.010578,12044.849609,1.367496,0.033362,0.429008,1.367496,0.053443,0.054584,0.000179,-0.050841,0.000000
0.075880,0.159149,1811.440430,10.745864,0.284967,3.422885,10.745864,0.209698,0.219749,0.015465,-0.143161,-1.272397
0.004984,0.021835,5738.035645,2.826611,0.071628,0.890987,2.826611,0.091207,0.093059,0.000852,-0.081601,-0.113801
0.588851,0.102911,51.501808,6.841309,0.299406,2.554581,6.841309,-0.024956,-0.019727,0.090488,0.073994,-1.876832
cuboid > 17
0.004804,0.023557,5507.083008,2.684596,0.071781,0.874245,2.684596,0.093542,0.095830,0.000855,-0.083008,-0.029458
0.001092,0.026952,11616.292969,1.295880,0.033823,0.421590,1.295880,0.055974,0.057386,0.000201,-0.051530,-0.036859
0.620988,0.106744,66.613121,7.454135,0.355068,2.875322,7.454135,0.000078,0.006864,0.098716,0.065012,-1.339948
0.000268,0.007624,23304.132812,0.668170,0.016346,0.214482,0.668170,0.031247,0.031833,0.000038,-0.030731,0.000000
0.053607,0.134850,1925.250122,8.196783,0.231804,2.697960,8.196783,0.184502,0.192143,0.012818,-0.124217,-1.094026
cuboid > 18
0.001660,0.023980,10203.860352,1.525818,0.041870,0.504291,1.525818,0.065171,0.066620,0.000323,-0.058816,-0.177253
11.712352,2.261115,47.243793,20.895145,3.446781,8.425172,20.895145,-1.220875,-1.159057,1.687015,1.842641,-501.111328
0.019822,0.077547,3068.032471,5.184862,0.149849,1.731327,5.184862,0.158083,0.163488,0.004148,-0.121488,-0.652247
0.580422,0.099014,104.717087,6.524231,0.332907,2.563398,6.524231,0.020778,0.027448,0.087722,0.037583,-0.880746
0.000305,0.002359,23622.210938,0.714151,0.018252,0.231290,0.714151,0.034434,0.035059,0.000059,-0.032712,0.000000
cuboid > 19
0.643397,0.101404,74.394638,6.951066,0.369545,2.755169,6.951066,0.010634,0.017310,0.097240,0.046731,-1.359041
0.000950,0.019627,12196.891602,1.235457,0.031796,0.396855,1.235457,0.052396,0.053267,0.000151,-0.048865,-0.070747
0.000246,0.001857,27300.144531,0.688167,0.015770,0.213418,0.688167,0.030114,0.030668,0.000035,-0.029563,0.000000
0.005559,0.050046,5551.139648,2.951482,0.078217,0.954680,2.951482,0.100793,0.103815,0.001140,-0.085569,-0.500053
0.060439,0.170078,1844.417480,9.308475,0.263460,3.077268,9.308475,0.215003,0.226654,0.013000,-0.147816,-1.361791
cuboid > 20
0.004370,0.029462,5563.784180,2.488261,0.068002,0.814059,2.488261,0.090932,0.093191,0.000773,-0.080047,-0.333047
0.067043,0.130003,1795.924561,9.756033,0.265341,3.174982,9.756033,0.203733,0.214533,0.013979,-0.142915,-1.125529
0.570956,0.097116,63.083485,7.000032,0.316810,2.641371,7.000032,-0.002059,0.003937,0.088074,0.055117,-1.231714
0.001090,0.021166,11877.912109,1.320179,0.032892,0.415438,1.320179,0.052645,0.053439,0.000171,-0.049021,-0.104337
0.000263,0.002497,25819.806641,0.708089,0.016591,0.220438,0.708089,0.031357,0.031807,0.000039,-0.030528,0.000000
cuboid > 21
0.000243,0.008322,25992.667969,0.696478,0.015009,0.212206,0.696478,0.029390,0.029992,0.000032,-0.029325,0.000000
0.001053,0.017287,12337.766602,1.351675,0.030507,0.411112,1.351675,0.047898,0.048722,0.000144,-0.046831,-0.031919
0.067999,0.153252,1786.645020,9.543126,0.252876,3.039764,9.543126,0.185987,0.195274,0.014749,-0.126558,-1.698907
0.003617,0.012162,5547.310547,2.028586,0.054806,0.655065,2.028586,0.072013,0.073420,0.000531,-0.068162,-0.027915
0.391726,0.068366,29.009081,4.064875,0.172471,1.495646,4.064875,-0.025271,-0.022820,0.058752,0.051746,-1.037891
cuboid > 22
0.006163,0.066072,5584.244629,3.438302,0.088537,1.089000,3.438302,0.121596,0.126792,0.001192,-0.102635,-0.127384
0.000302,0.008534,28562.248047,0.803540,0.018630,0.253999,0.803540,0.038662,0.040213,0.000064,-0.035685,0.000000
0.080696,0.173796,1962.206055,11.172226,0.330538,3.757119,11.172226,0.272650,0.291657,0.025427,-0.143680,-0.687063
0.380840,0.116442,25.677774,4.821641,0.211219,1.800019,4.821641,-0.012155,-0.006290,0.068644,0.066422,-1.825809
0.001391,0.016209,11790.872070,1.631449,0.040573,0.512701,1.631449,0.067354,0.069367,0.000258,-0.060356,0.000000
cuboid > 23
0.001357,0.047392,11970.254883,1.726400,0.038759,0.535631,1.726400,0.066273,0.069170,0.000227,-0.061054,-0.040360
0.004540,0.029297,5914.111328,2.757760,0.065822,0.853007,2.757760,0.084983,0.086999,0.000648,-0.080426,-0.063353
0.059755,0.197011,1909.601074,9.285599,0.253612,2.999387,9.285599,0.210444,0.223836,0.012336,-0.148089,-0.995621
0.000305,0.016587,26340.437500,0.820377,0.017432,0.256121,0.820377,0.036750,0.038346,0.000057,-0.035084,0.000000
0.369628,0.102430,29.315065,4.614113,0.209301,1.751051,4.614113,-0.005187,0.000767,0.063554,0.055584,-1.508743
cuboid > 24
0.000244,0.005788,24790.660156,0.644847,0.015438,0.203842,0.644847,0.029496,0.030009,0.000033,-0.029309,0.000000
0.000902,0.030534,11777.750000,1.112952,0.029098,0.365772,1.112952,0.049819,0.051351,0.000150,-0.047390,-0.037568
0.054246,0.112638,1880.228516,8.586056,0.232437,2.770346,8.586056,0.183472,0.190734,0.009531,-0.143379,-0.715099
0.004041,0.050204,5675.168945,2.402247,0.064607,0.795078,2.402247,0.091756,0.095263,0.000679,-0.082881,-0.137540
0.433068,0.111468,33.841068,5.150944,0.214673,1.879401,5.150944,-0.018201,-0.013194,0.073809,0.064926,-1.339776
cuboid > 25
0.000803,0.019991,12336.069336,1.024254,0.028069,0.340228,1.024254,0.047443,0.048289,0.000119,-0.045113,-0.048293
0.419643,0.095595,39.285915,4.430662,0.215220,1.692169,4.430662,-0.004353,0.001092,0.069664,0.052935,-1.752006
0.005175,0.080601,5787.702148,2.788383,0.079741,0.939650,2.788383,0.114483,0.120865,0.001181,-0.093853,-0.153582
0.000282,0.010246,25270.564453,0.717384,0.016503,0.231635,0.717384,0.034307,0.035840,0.000053,-0.033030,0.000000
0.050643,0.229159,1996.298340,8.076685,0.244352,2.754342,8.076685,0.228023,0.245395,0.013282,-0.146745,-1.622439
cuboid > 26
0.001318,0.076865,12150.407227,1.454794,0.037397,0.480635,1.454794,0.067668,0.072266,0.000289,-0.059551,-0.484469
0.049477,0.143083,1923.324951,8.426105,0.235454,2.794502,8.426105,0.206430,0.218892,0.009570,-0.153317,-0.773977
0.007111,0.169119,5559.361816,3.675804,0.095410,1.216297,3.675804,0.137158,0.148574,0.001822,-0.109537,-1.237041
0.000265,0.009873,25949.914062,0.714116,0.016383,0.227457,0.714116,0.033036,0.034174,0.000041,-0.032263,0.000000
0.431427,0.103654,44.779633,4.732888,0.231072,1.797232,4.732888,-0.003482,0.001893,0.073859,0.053309,-1.581113
cuboid > 27
0.000254,0.012220,26689.855469,0.737537,0.015701,0.224778,0.737537,0.031529,0.032616,0.000035,-0.031330,0.000000
0.001125,0.029422,12187.718750,1.323681,0.032595,0.418720,1.323681,0.053526,0.055075,0.000209,-0.050120,0.000000
0.038989,0.136988,1978.060669,6.747251,0.184904,2.182353,6.747251,0.156820,0.162815,0.006201,-0.130834,-0.631212
0.005103,0.054206,5741.082520,2.807078,0.071762,0.893315,2.807078,0.094032,0.097152,0.000936,-0.083881,-0.094293
0.390453,0.089995,43.354774,4.484910,0.208361,1.705025,4.484910,-0.005821,-0.000903,0.065841,0.050058,-1.314739
cuboid > 28
0.000250,0.003686,28473.166016,0.751776,0.015587,0.226428,0.751776,0.030810,0.031738,0.000035,-0.030603,0.000000
0.000837,0.024461,11725.887695,1.061806,0.027318,0.343052,1.061806,0.047460,0.048760,0.000129,-0.044614,-0.040932
0.116492,0.130224,1588.285400,13.687718,0.384126,4.512555,13.687718,0.255457,0.276781,0.034469,-0.119371,-1.364627
0.006040,0.018259,5177.737305,3.039096,0.074383,0.934240,3.039096,0.092214,0.094199,0.000885,-0.085211,0.000000
0.332178,0.095273,13.643584,3.602972,0.158366,1.348466,3.602972,-0.020673,-0.017108,0.056973,0.057815,-1.575067
cuboid > 29
0.000247,0.002163,28924.683594,0.747134,0.015780,0.223524,0.747134,0.030408,0.031053,0.000035,-0.029852,0.000000
0.000901,0.012484,12738.327148,1.158043,0.029185,0.366780,1.158043,0.048626,0.049696,0.000136,-0.046060,-0.034127
0.126789,0.049451,26.743515,2.485814,0.101937,0.898804,2.485814,0.012156,0.015110,0.020375,0.008312,-0.537702
0.004300,0.069302,5921.971680,2.621636,0.069043,0.852010,2.621636,0.101622,0.106562,0.000803,-0.087283,-0.191926
0.061327,0.224419,1895.479248,9.761987,0.280467,3.293363,9.761987,0.248815,0.269719,0.015711,-0.152789,-0.515176
cuboid > 30
0.001147,0.025095,11764.006836,1.372471,0.033311,0.429708,1.372471,0.053300,0.054433,0.000172,-0.050521,-0.053404
0.094125,0.370333,1654.195557,12.176367,0.350064,4.050368,12.176367,0.282435,0.307821,0.024676,-0.155991,-1.243987
0.007642,0.111716,5145.609375,3.469642,0.095553,1.119698,3.469642,0.124220,0.129895,0.001814,-0.099786,-0.500880
0.096683,0.041852,20.364059,1.896501,0.087533,0.714810,1.896501,0.013443,0.016053,0.015147,0.001652,-0.408276
0.000283,0.004524,26898.892578,0.775820,0.016992,0.239132,0.775820,0.033422,0.034397,0.000051,-0.032211,0.000000
cuboid > 31
0.004203,0.065741,5563.844727,2.492190,0.063141,0.776317,2.492190,0.082705,0.084101,0.000565,-0.076981,-0.404490
0.000929,0.012367,11142.072266,1.107171,0.030066,0.358870,1.107171,0.048072,0.048545,0.000127,-0.046122,-0.053953
0.128271,0.039576,19.509605,2.381832,0.088381,0.835733,2.381832,0.002749,0.004680,0.021197,0.014558,-0.431954
0.052760,0.117584,1873.405396,8.188177,0.226128,2.661023,8.188177,0.182103,0.189662,0.009472,-0.139117,-0.531885
0.000253,0.004722,24663.304688,0.674905,0.016021,0.213931,0.674905,0.030783,0.031334,0.000034,-0.030520,0.000000
cuboid > 32
0.000265,0.012819,24320.468750,0.677962,0.016227,0.219398,0.677962,0.033555,0.034649,0.000038,-0.032931,0.000000
0.000769,0.021183,12200.841797,0.998841,0.026604,0.330382,0.998841,0.045858,0.046925,0.000106,-0.044387,-0.031060
0.114820,0.036886,18.783068,2.041363,0.088673,0.754694,2.041363,0.006538,0.008757,0.018151,0.008739,-0.319104
0.003765,0.012901,5852.564453,2.228959,0.059078,0.726180,2.228959,0.078387,0.080031,0.000555,-0.074918,0.000000
0.051450,0.298180,1997.125000,8.052419,0.232607,2.717733,8.052419,0.214167,0.233274,0.012051,-0.142381,-0.500699
cuboid > 33
0.000243,0.002518,25432.431641,0.622491,0.014985,0.200379,0.622491,0.029007,0.029759,0.000034,-0.028896,0.000000
0.000669,0.010275,12407.026367,0.865735,0.024144,0.289290,0.865735,0.040177,0.040645,0.000085,-0.039817,-0.005558
0.127657,0.045014,19.938225,2.265103,0.091537,0.811930,2.265103,0.003662,0.005599,0.020747,0.013361,-0.454918
0.002753,0.024900,5824.080078,1.639466,0.047871,0.556426,1.639466,0.065633,0.066946,0.000367,-0.063702,-0.143944
0.043165,0.108900,2067.048340,6.559726,0.199210,2.226416,6.559726,0.177388,0.190236,0.011107,-0.116891,-0.616793
cuboid > 34
0.000662,0.002422,12328.783203,0.819216,0.023403,0.276233,0.819216,0.039017,0.039507,0.000085,-0.038569,0.000000
0.000227,0.005608,27686.330078,0.644909,0.013684,0.204036,0.644909,0.029217,0.030892,0.000035,-0.029217,0.000000
0.122345,0.340082,1429.399170,13.197412,0.385873,4.424383,13.197412,0.269541,0.294467,0.030038,-0.139256,-1.618662
0.003716,0.006949,5614.162598,2.004769,0.054593,0.653280,2.004769,0.070705,0.071933,0.000523,-0.068029,0.000000
0.111033,0.035602,14.989538,1.898714,0.084241,0.707039,1.898714,0.005552,0.007729,0.018881,0.010078,-0.608532
cuboid > 35
0.000171,0.009375,33297.679688,0.560892,0.010937,0.184375,0.560892,0.028178,0.030975,0.000030,-0.028178,0.000000
0.000864,0.047090,11775.623047,1.114085,0.027164,0.345972,1.114085,0.044785,0.045363,0.000113,-0.044157,0.000000
0.114341,0.042394,12.902248,1.976546,0.080730,0.715920,1.976546,0.003454,0.005475,0.019132,0.012665,-0.358420
0.010934,0.241219,4341.398438,4.150364,0.101491,1.297003,4.150364,0.120347,0.126318,0.002462,-0.098784,-0.557038
0.196978,0.311450,1224.564819,17.991028,0.542666,6.140487,17.991028,0.348682,0.382265,0.057834,-0.132021,-1.266520
