cuboid > 1
0.001158,0.021455,11288.214844,1.369182,0.033362,0.422375,1.369182,0.052411,0.053195,0.000170,-0.049471,-0.048955
0.112083,0.018904,26.961481,1.612854,0.088512,0.648015,1.612854,0.006106,0.006845,0.014842,0.000055,-0.238719
0.000248,0.002134,26682.681641,0.730891,0.015796,0.217404,0.730891,0.029317,0.029539,0.000031,-0.029242,0.000000
0.005960,0.071442,5430.993164,3.314389,0.081014,1.038256,3.314389,0.105762,0.109151,0.001066,-0.091681,-0.192231
0.037240,0.123107,1956.473389,6.316492,0.178157,2.051427,6.316492,0.156323,0.162752,0.006278,-0.125362,-1.066332
cuboid > 2
0.001206,0.021568,11763.985352,1.484866,0.034598,0.457083,1.484866,0.055177,0.056312,0.000174,-0.052386,-0.063391
0.173826,0.024607,57.160061,3.032121,0.153798,1.196406,3.032121,0.019982,0.021315,0.023163,-0.009474,-0.411112
0.004623,0.040313,5597.168457,2.685306,0.066374,0.841219,2.685306,0.087760,0.090084,0.000690,-0.080788,-0.184577
0.000251,0.008013,27811.693359,0.760325,0.015213,0.225159,0.760325,0.030029,0.030798,0.000034,-0.030029,0.000000
0.041027,0.081910,1991.447510,7.139179,0.193326,2.295848,7.139179,0.161540,0.167075,0.006957,-0.130872,-0.586846
cuboid > 3
0.005713,0.069691,5206.651367,2.926593,0.077476,0.947402,2.926593,0.102032,0.105845,0.001096,-0.087136,-0.267988
0.000296,0.004843,27566.250000,0.818758,0.017353,0.245989,0.818758,0.033789,0.034786,0.000060,-0.032282,0.000000
0.209190,0.036335,73.406120,3.548200,0.199540,1.447814,3.548200,0.033462,0.035196,0.027901,-0.019868,-0.699398
0.047684,0.131905,1777.699463,7.438685,0.207957,2.435468,7.438685,0.173406,0.181211,0.007926,-0.137079,-0.701303
0.000987,0.013767,11513.231445,1.220121,0.031654,0.394398,1.220121,0.052970,0.054188,0.000160,-0.049621,-0.014120
cuboid > 4
0.176895,0.040075,65.486214,2.932603,0.173406,1.198700,2.932603,0.038809,0.041249,0.024625,-0.018140,-0.669506
0.000860,0.019018,11938.804688,1.096979,0.029431,0.360147,1.096979,0.050070,0.051141,0.000140,-0.046961,-0.040676
0.037209,0.074098,1980.911255,6.161243,0.188738,2.097675,6.161243,0.164602,0.170205,0.007800,-0.121589,-0.458894
0.003765,0.049537,5578.836426,2.198545,0.063244,0.737990,2.198545,0.089596,0.092049,0.000676,-0.079118,-0.105355
0.000252,0.004777,26813.521484,0.726611,0.015974,0.223777,0.726611,0.031647,0.032498,0.000036,-0.031105,0.000000
cuboid > 5
0.000946,0.024503,11216.059570,1.149162,0.029438,0.363644,1.149162,0.047302,0.047846,0.000136,-0.045005,-0.069920
0.186132,0.031655,54.970959,3.000081,0.175078,1.234975,3.000081,0.027617,0.029410,0.025467,-0.012891,-0.563545
0.004203,0.039494,5431.399414,2.395227,0.064365,0.773775,2.395227,0.087299,0.089837,0.000727,-0.077361,-0.171069
0.000258,0.004820,28030.443359,0.749072,0.016293,0.225973,0.749072,0.031561,0.032298,0.000039,-0.030886,0.000000
0.039242,0.084594,1915.718018,6.338075,0.186339,2.108646,6.338075,0.157576,0.162898,0.007372,-0.121285,-0.991286
cuboid > 6
0.000239,0.000709,28680.253906,0.730479,0.015270,0.213313,0.730479,0.028178,0.028390,0.000030,-0.028178,0.000000
0.001127,0.008218,11660.109375,1.379374,0.033062,0.421023,1.379374,0.051081,0.051549,0.000156,-0.049061,-0.025516
0.006502,0.051433,5122.971680,3.175414,0.078577,0.988988,3.175414,0.098458,0.102026,0.001127,-0.086130,-0.370986
0.140688,0.021946,45.435238,2.435908,0.138434,0.991804,2.435908,0.020182,0.021350,0.018523,-0.012348,-0.580415
0.061213,0.162273,1596.097656,8.452930,0.234809,2.769473,8.452930,0.176529,0.185274,0.010155,-0.139386,-1.267715
cuboid > 7
0.001220,0.024102,11753.458008,1.498812,0.034327,0.449418,1.498812,0.053708,0.054412,0.000166,-0.051605,-0.058782
0.006500,0.035196,5168.838867,3.223118,0.077485,0.995541,3.223118,0.094029,0.096222,0.001148,-0.084403,-0.110905
0.000242,0.000288,28889.445312,0.760241,0.015481,0.217885,0.760241,0.028178,0.028264,0.000030,-0.028178,0.000000
0.073769,0.014313,28.261919,1.436540,0.070766,0.549608,1.436540,0.009351,0.009964,0.009759,-0.005301,-0.146793
0.047312,0.081298,1733.880371,6.971241,0.197634,2.293301,6.971241,0.153970,0.158762,0.007924,-0.126292,-0.362035
cuboid > 8
0.000248,0.000224,26068.681641,0.695770,0.015849,0.210182,0.695770,0.028784,0.028851,0.000032,-0.028583,0.000000
0.000996,0.011590,11603.031250,1.223543,0.029942,0.377354,1.223543,0.046228,0.046514,0.000132,-0.044884,-0.048165
0.036263,0.041110,1835.599243,5.653992,0.176717,1.933775,5.653992,0.146312,0.150191,0.006807,-0.118167,-0.508089
0.003512,0.012720,5584.541992,1.986028,0.054490,0.636712,1.986028,0.069878,0.070434,0.000503,-0.066515,-0.105585
0.169355,0.024809,29.018950,2.067824,0.099065,0.790890,2.067824,-0.002320,-0.001383,0.023608,0.012334,-0.636559
cuboid > 9
0.000255,0.005090,25714.402344,0.714303,0.016132,0.217460,0.714303,0.030263,0.030618,0.000034,-0.029947,0.000000
0.001123,0.006286,11371.670898,1.316984,0.032731,0.413785,1.316984,0.051589,0.052500,0.000172,-0.049238,-0.007332
0.266271,0.030977,76.854172,3.583202,0.189290,1.442457,3.583202,0.016797,0.018412,0.035963,-0.002557,-0.398667
0.004323,0.014361,5528.656250,2.467639,0.063639,0.780591,2.467639,0.080481,0.081513,0.000658,-0.074607,-0.110115
0.033035,0.041016,1945.357056,5.568910,0.160392,1.833598,5.568910,0.130271,0.132462,0.004950,-0.114699,-0.595541
cuboid > 10
0.003556,0.028675,5530.487793,2.060986,0.058728,0.685787,2.060986,0.079860,0.081466,0.000564,-0.072388,-0.217542
0.000256,0.001072,26176.349609,0.711912,0.016216,0.216913,0.711912,0.030124,0.030444,0.000036,-0.029548,0.000000
0.001017,0.014938,11632.906250,1.166079,0.030770,0.378083,1.166079,0.050541,0.051778,0.000200,-0.046776,-0.088689
0.295938,0.048456,118.310318,3.991378,0.239912,1.676162,3.991378,0.050663,0.053818,0.041934,-0.021447,-0.585934
0.028728,0.077603,1921.663940,4.918102,0.156221,1.687670,4.918102,0.141167,0.145037,0.005087,-0.113811,-0.657525
cuboid > 11
0.000880,0.012607,12019.468750,1.110057,0.030723,0.369651,1.110057,0.052010,0.053078,0.000151,-0.048239,-0.024896
0.004430,0.036834,5606.288574,2.328317,0.071768,0.799977,2.328317,0.099126,0.101833,0.001058,-0.082588,-0.135498
0.268011,0.053883,100.982780,3.532566,0.202772,1.425559,3.532566,0.043911,0.047121,0.038452,-0.013870,-0.920225
0.025348,0.086459,2103.571289,4.639558,0.155671,1.625076,4.639558,0.153568,0.158934,0.005749,-0.111542,-1.000837
0.000268,0.002457,25521.417969,0.717381,0.016945,0.224227,0.717381,0.032023,0.032504,0.000040,-0.031120,0.000000
cuboid > 12
0.000832,0.015022,11664.878906,1.027756,0.028671,0.343274,1.027756,0.048634,0.049757,0.000135,-0.045553,-0.090735
0.031272,0.087556,1952.029907,5.304055,0.165246,1.809487,5.304055,0.146729,0.151540,0.006175,-0.114888,-0.797522
0.003305,0.030260,5500.501953,1.900580,0.055548,0.643598,1.900580,0.076488,0.078177,0.000515,-0.070084,-0.184180
0.000272,0.006468,25004.345703,0.735075,0.016817,0.229262,0.735075,0.032510,0.033265,0.000041,-0.031865,0.000000
0.268196,0.038839,87.714317,3.668844,0.209577,1.487809,3.668844,0.039661,0.042382,0.038148,-0.014755,-0.863617
cuboid > 13
0.000243,0.000578,26058.972656,0.686179,0.015572,0.207977,0.686179,0.028605,0.028777,0.000031,-0.028534,0.000000
0.000902,0.010572,11501.455078,1.121236,0.028566,0.355349,1.121236,0.045259,0.045631,0.000124,-0.043797,-0.041339
0.003875,0.005430,5305.535645,2.170384,0.058103,0.699408,2.170384,0.073302,0.074093,0.000530,-0.070350,-0.020767
0.213579,0.023440,76.508209,3.112468,0.169543,1.244275,3.112468,0.024354,0.025918,0.029111,-0.009884,-0.349002
0.033274,0.060067,1903.951538,5.554932,0.165735,1.869138,5.554932,0.139182,0.142781,0.005679,-0.115466,-0.397377
cuboid > 14
0.000241,0.007412,28086.970703,0.728588,0.015236,0.217217,0.728588,0.029621,0.030212,0.000033,-0.029312,0.000000
0.001046,0.023863,11773.375000,1.320346,0.031058,0.409246,1.320346,0.051054,0.052145,0.000142,-0.049432,-0.032981
0.030258,0.093300,1875.834106,5.115310,0.158440,1.729591,5.115310,0.137569,0.140797,0.005365,-0.113414,-0.687695
0.004083,0.030788,5488.956543,2.403814,0.059803,0.753935,2.403814,0.079210,0.080975,0.000600,-0.074094,-0.140106
0.141691,0.019342,35.702579,2.045401,0.094832,0.767143,2.045401,0.002362,0.003141,0.019337,0.005241,-0.379359
cuboid > 15
0.000238,0.004069,26958.906250,0.684509,0.015066,0.206317,0.684509,0.028637,0.029016,0.000030,-0.028637,0.000000
0.000686,0.000659,12062.589844,0.866104,0.024415,0.285641,0.866104,0.039409,0.039605,0.000089,-0.038894,0.000000
0.040855,0.112722,1952.147461,6.469419,0.192169,2.162386,6.469419,0.161664,0.167523,0.008362,-0.119654,-0.786823
0.003113,0.043280,5679.786621,1.829228,0.052253,0.607593,1.829228,0.070844,0.071877,0.000452,-0.066604,-0.310702
0.217433,0.029711,19.578562,2.395046,0.103896,0.884144,2.395046,-0.010831,-0.009452,0.031418,0.025856,-0.614492
cuboid > 16
0.000244,0.001976,27089.470703,0.717442,0.015556,0.213461,0.717442,0.028849,0.029075,0.000031,-0.028808,0.000000
0.000921,0.010258,11478.501953,1.120155,0.028431,0.355897,1.120155,0.045409,0.046079,0.000126,-0.044305,-0.015996
0.030497,0.053829,1949.547119,5.105372,0.156977,1.727342,5.105372,0.134008,0.136785,0.005722,-0.110825,-0.713461
0.004307,0.020719,5407.815430,2.364130,0.062175,0.746580,2.364130,0.078395,0.079242,0.000628,-0.073071,-0.135224
0.279431,0.043693,49.673756,3.225646,0.153772,1.230326,3.225646,0.000571,0.002315,0.039934,0.018208,-0.656325
cuboid > 17
0.003439,0.021751,5526.048828,1.886805,0.056474,0.638729,1.886805,0.077563,0.079284,0.000613,-0.069439,-0.198009
0.000750,0.009359,11911.114258,0.922806,0.025324,0.301132,0.922806,0.041330,0.041771,0.000099,-0.040406,-0.027691
0.321841,0.053110,81.863739,3.490689,0.197497,1.400885,3.490689,0.014998,0.017528,0.046422,0.009084,-1.386453
0.000253,0.003354,27080.353516,0.731217,0.015937,0.221491,0.731217,0.030915,0.031594,0.000035,-0.030556,0.000000
0.023947,0.091512,2027.170898,4.219033,0.141587,1.478506,4.219033,0.134907,0.138553,0.004422,-0.109025,-1.064849
cuboid > 18
0.000754,0.019716,11927.471680,0.950631,0.026939,0.323455,0.950631,0.046995,0.048305,0.000125,-0.044106,-0.092639
3.588978,2.252261,47.319817,16.484568,1.941104,6.445317,16.484568,-0.161331,-0.123040,0.573079,0.581030,-256.145691
0.007881,0.053222,3835.176514,2.655703,0.084739,0.926911,2.655703,0.102089,0.104737,0.001490,-0.086308,-0.453818
0.284147,0.055814,122.064301,3.661445,0.183663,1.405403,3.661445,0.025928,0.028812,0.042769,0.002182,-0.393961
0.000243,0.009116,26413.009766,0.663562,0.015151,0.210988,0.663562,0.030843,0.031823,0.000036,-0.030374,0.000000
cuboid > 19
0.314348,0.054430,72.342407,3.543746,0.178448,1.354025,3.543746,0.013494,0.015797,0.044999,0.010284,-0.760298
0.000923,0.006091,11953.338867,1.136273,0.030363,0.372575,1.136273,0.050235,0.051224,0.000151,-0.047451,0.000000
0.000258,0.003177,24691.660156,0.699498,0.016430,0.219097,0.699498,0.031509,0.032069,0.000035,-0.031106,0.000000
0.004007,0.068534,5667.434570,2.295766,0.067229,0.769758,2.295766,0.094412,0.097158,0.000772,-0.081010,-0.465502
0.031136,0.090777,2029.268066,5.533147,0.168305,1.860737,5.533147,0.152809,0.157436,0.005974,-0.119367,-1.319605
cuboid > 20
0.004370,0.022026,5539.075684,2.438455,0.065645,0.783877,2.438455,0.083734,0.085017,0.000682,-0.076800,-0.122185
0.036721,0.056954,1899.141602,5.885335,0.181595,2.009267,5.885335,0.153986,0.158590,0.007432,-0.117035,-0.554084
0.246800,0.037314,53.612381,2.877012,0.143783,1.094026,2.877012,0.004625,0.006431,0.036900,0.014932,-0.783340
0.001007,0.004130,11914.114258,1.244107,0.031233,0.387099,1.244107,0.048818,0.049237,0.000139,-0.047259,0.000000
0.000244,0.000396,24961.244141,0.667052,0.015643,0.204971,0.667052,0.028567,0.028685,0.000030,-0.028546,0.000000
cuboid > 21
0.000235,0.001337,26737.238281,0.675488,0.015032,0.204914,0.675488,0.028314,0.028713,0.000030,-0.028314,0.000000
0.000995,0.014418,11673.429688,1.227097,0.029656,0.379208,1.227097,0.046347,0.046813,0.000127,-0.045565,-0.029513
0.042777,0.099836,1782.223511,6.113161,0.198383,2.127712,6.113161,0.165054,0.170164,0.009121,-0.120438,-0.823345
0.004918,0.033163,5305.279297,2.538411,0.067681,0.806196,2.538411,0.085753,0.087168,0.000799,-0.077515,-0.113122
0.190011,0.026775,27.112005,2.228445,0.103360,0.819020,2.228445,-0.005081,-0.004019,0.027212,0.018308,-0.694220
cuboid > 22
0.004111,0.067285,6465.253418,2.535335,0.070396,0.839860,2.535335,0.102907,0.107181,0.001015,-0.082933,-0.804324
0.000244,0.000000,28662.845703,0.765571,0.015625,0.218750,0.765571,0.028178,0.028178,0.000030,-0.028178,0.000000
0.050249,0.168791,1944.872437,8.006770,0.256128,2.769111,8.006770,0.236952,0.251049,0.012819,-0.144479,-1.004262
0.146301,0.037953,21.024363,1.920235,0.088704,0.718801,1.920235,0.001778,0.003527,0.023549,0.016036,-0.532125
0.000600,0.002338,14955.494141,0.914603,0.025085,0.296981,0.914603,0.043143,0.043842,0.000087,-0.041460,0.000000
cuboid > 23
0.000649,0.002025,15586.435547,1.055915,0.025359,0.327345,1.055915,0.042646,0.043198,0.000095,-0.041303,0.000000
0.002203,0.015808,7609.579590,1.686894,0.044720,0.537433,1.686894,0.063498,0.064355,0.000351,-0.059413,-0.062684
0.021956,0.084191,2695.842285,4.838767,0.145543,1.622652,4.838767,0.145150,0.149832,0.004491,-0.113957,-0.331899
0.000242,0.000721,28985.005859,0.756800,0.015505,0.217548,0.756800,0.028612,0.028827,0.000030,-0.028612,0.000000
0.195952,0.052758,38.541729,2.397697,0.112526,0.898557,2.397697,0.005757,0.008092,0.031157,0.017115,-0.948218
cuboid > 24
0.000243,0.007692,30317.835938,0.763302,0.015107,0.225611,0.763302,0.030382,0.031331,0.000035,-0.029967,0.000000
0.000505,0.015398,15727.731445,0.827077,0.022313,0.272575,0.827077,0.040119,0.041012,0.000075,-0.038692,0.000000
0.013538,0.074746,3265.346191,3.787973,0.110766,1.261270,3.787973,0.122582,0.126586,0.002309,-0.104825,-0.673461
0.001482,0.032168,8655.981445,1.397646,0.038587,0.463370,1.397646,0.061015,0.062613,0.000233,-0.057015,-0.132751
0.190373,0.055155,61.398273,2.779311,0.137321,1.043756,2.779311,0.016683,0.019234,0.032333,0.011422,-1.275058
cuboid > 25
0.000547,0.006344,14591.880859,0.865756,0.023708,0.283206,0.865756,0.041492,0.042170,0.000085,-0.039472,-0.015620
0.199464,0.068191,57.243965,2.913961,0.146534,1.112580,2.913961,0.020910,0.024047,0.034107,0.010710,-0.806515
0.001882,0.025928,7596.287598,1.481286,0.041910,0.491230,1.481286,0.062511,0.063722,0.000316,-0.057070,-0.286249
0.000235,0.003723,26382.230469,0.653789,0.014933,0.202145,0.653789,0.028775,0.029332,0.000032,-0.028634,0.000000
0.019100,0.109717,2779.903076,4.323586,0.138185,1.500966,4.323586,0.144972,0.151472,0.004467,-0.109477,-0.514956
cuboid > 26
0.000453,0.002946,16094.891602,0.759694,0.020839,0.250702,0.759694,0.036776,0.037271,0.000064,-0.035968,0.000000
0.023649,0.116578,2309.348633,4.755311,0.147001,1.603654,4.755311,0.143024,0.147630,0.004425,-0.113239,-0.965301
0.002453,0.023809,6815.421875,1.581718,0.048841,0.543123,1.581718,0.071904,0.073678,0.000502,-0.064122,-0.122682
0.000237,0.002372,30678.466797,0.760042,0.015032,0.221418,0.760042,0.029148,0.029856,0.000033,-0.028893,0.000000
0.239607,0.077528,44.557964,2.874767,0.135443,1.066958,2.874767,0.005154,0.007905,0.039579,0.023429,-1.059635
cuboid > 27
0.000243,0.002244,27382.017578,0.712211,0.015475,0.215258,0.712211,0.029527,0.030029,0.000031,-0.029527,0.000000
0.000878,0.018257,11531.704102,1.116721,0.028387,0.352737,1.116721,0.046179,0.046834,0.000122,-0.044569,-0.062374
0.056264,0.162845,1769.825928,8.016480,0.250004,2.749433,8.016480,0.214674,0.228250,0.013416,-0.136299,-0.799430
0.005456,0.043957,5086.351562,2.706723,0.070588,0.850300,2.706723,0.088945,0.090885,0.000888,-0.079891,-0.315381
0.187252,0.038915,28.630564,2.237709,0.108128,0.834496,2.237709,0.003571,0.005798,0.029944,0.018376,-1.171410
cuboid > 28
0.000244,0.000000,28576.808594,0.763274,0.015625,0.218396,0.763274,0.028178,0.028178,0.000030,-0.028178,0.000000
0.000954,0.023005,11460.325195,1.152607,0.030360,0.356247,1.152607,0.049780,0.050604,0.000140,-0.047066,-0.096760
0.079779,0.164598,1559.770020,9.908155,0.316820,3.433274,9.908155,0.255022,0.271907,0.020958,-0.142392,-1.362059
0.005776,0.064638,4963.915527,2.945741,0.077006,0.930046,2.945741,0.100912,0.103940,0.000960,-0.088073,-0.433582
0.131730,0.045908,22.581915,1.881519,0.088944,0.694570,1.881519,0.006566,0.008315,0.020539,0.010539,-0.609021
cuboid > 29
0.000236,0.001000,27505.744141,0.694316,0.015125,0.207531,0.694316,0.028178,0.028477,0.000030,-0.028178,0.000000
0.001026,0.017720,11960.690430,1.300701,0.031067,0.401680,1.300701,0.049068,0.049700,0.000140,-0.047177,-0.074275
0.033427,0.019649,15.446498,0.674700,0.034319,0.260234,0.674700,0.008401,0.009330,0.005395,-0.002048,-0.176858
0.004236,0.072892,5626.154297,2.347813,0.062882,0.752543,2.347813,0.083601,0.085352,0.000864,-0.072952,-0.137347
0.060375,0.086274,1732.349243,8.544128,0.233112,2.768781,8.544128,0.174124,0.181418,0.010758,-0.132329,-0.375403
cuboid > 30
0.000913,0.008081,11415.321289,1.134650,0.029465,0.359513,1.134650,0.046898,0.047253,0.000136,-0.044664,-0.020122
0.043298,0.099866,1886.171631,6.749344,0.190686,2.185785,6.749344,0.152733,0.157147,0.007193,-0.123078,-0.825799
0.003417,0.021733,5454.318359,1.956889,0.050899,0.613467,1.956889,0.064675,0.065142,0.000435,-0.062971,-0.148755
0.060128,0.015759,21.026564,0.978774,0.049823,0.376058,0.978774,0.007699,0.008716,0.009270,-0.000301,-0.492121
0.000237,0.006115,27216.011719,0.695825,0.014853,0.210469,0.695825,0.029076,0.029780,0.000032,-0.028946,0.000000
cuboid > 31
0.004568,0.023510,5180.652344,2.354284,0.060944,0.742694,2.354284,0.075301,0.076410,0.000648,-0.071138,-0.162289
0.000910,0.004122,10981.943359,1.075163,0.028668,0.343921,1.075163,0.045441,0.045778,0.000123,-0.044255,0.000000
0.064244,0.022445,26.642496,1.121136,0.061654,0.439060,1.121136,0.013550,0.014698,0.010213,-0.003785,-0.301714
0.048681,0.090952,1782.817749,7.037707,0.203304,2.325128,7.037707,0.158759,0.165373,0.010565,-0.116504,-0.597128
0.000250,0.002105,25500.101562,0.695036,0.015888,0.212435,0.695036,0.029872,0.030220,0.000032,-0.029685,0.000000
cuboid > 32
0.000254,0.000923,27085.583984,0.719647,0.016271,0.216965,0.719647,0.030175,0.030450,0.000035,-0.029733,0.000000
0.000661,0.001709,12242.691406,0.842084,0.023681,0.275451,0.842084,0.038482,0.038670,0.000085,-0.038023,0.000000
0.061486,0.035203,30.746975,1.209078,0.069109,0.483368,1.209078,0.019569,0.021184,0.010171,-0.007359,-0.350371
0.003201,0.022296,5519.592285,1.879466,0.052437,0.615050,1.879466,0.070124,0.071270,0.000473,-0.065867,-0.087927
0.034043,0.168798,1919.351685,5.524045,0.169262,1.870380,5.524045,0.148096,0.154885,0.006105,-0.117982,-0.706923
cuboid > 33
0.000222,0.003533,32108.523438,0.726680,0.014127,0.212282,0.726680,0.028178,0.029032,0.000030,-0.028178,0.000000
0.000601,0.003336,13034.773438,0.798395,0.022532,0.263912,0.798395,0.037179,0.037379,0.000077,-0.036810,0.000000
0.070689,0.024859,23.700029,1.280631,0.059441,0.473357,1.280631,0.009673,0.010822,0.010852,-0.000169,-0.220780
0.003081,0.031174,5664.668457,1.858999,0.050310,0.600313,1.858999,0.068801,0.070301,0.000426,-0.065946,-0.103307
0.032238,0.059449,1954.015625,5.349633,0.159520,1.781691,5.349633,0.136740,0.140806,0.005220,-0.115125,-0.342385
cuboid > 34
0.000761,0.048365,11547.417969,0.953921,0.027077,0.332712,0.953921,0.052667,0.055762,0.000172,-0.046152,-0.085752
0.000237,0.000955,29436.689453,0.734752,0.015148,0.213978,0.734752,0.028178,0.028463,0.000030,-0.028178,0.000000
0.062857,0.233608,1662.855713,8.724628,0.240264,2.831387,8.724628,0.181521,0.191799,0.011126,-0.135558,-1.361761
0.006587,0.060812,5263.788574,3.057063,0.077900,0.964169,3.057063,0.098744,0.104309,0.001343,-0.083971,-0.177896
0.043231,0.021678,15.875572,0.853739,0.043817,0.329033,0.853739,0.009484,0.010470,0.006762,-0.002521,-0.204368
cuboid > 35
0.000242,0.002819,32014.552734,0.780929,0.015075,0.226634,0.780929,0.029472,0.030314,0.000035,-0.029214,0.000000
0.000747,0.006777,12023.656250,0.946314,0.025378,0.304782,0.946314,0.041539,0.042046,0.000102,-0.040687,0.000000
0.030877,0.014988,16.298805,0.749050,0.037056,0.282013,0.749050,0.009848,0.010560,0.004854,-0.004056,-0.219742
0.005080,0.043005,5399.132324,2.714135,0.068006,0.854940,2.714135,0.087385,0.091323,0.000794,-0.079674,-0.067315
0.059346,0.145794,1698.586670,8.366329,0.241178,2.760090,8.366329,0.187997,0.197083,0.012019,-0.134341,-1.283256
