cuboid > 1
0.001057,0.016697,11819.331055,1.380697,0.034754,0.447117,1.380697,0.063056,0.065759,0.000192,-0.057326,0.000000
0.058925,0.005713,20.573402,1.189939,0.056291,0.452129,1.189939,0.004988,0.005183,0.007495,-0.003228,-0.155165
0.000276,0.010608,28579.707031,0.902286,0.017183,0.265577,0.902286,0.035360,0.036815,0.000038,-0.035131,0.000000
0.006138,0.031102,5085.222656,3.205550,0.078073,1.001569,3.205550,0.099863,0.102864,0.000945,-0.089898,-0.128717
0.048885,0.072850,1782.955444,7.440022,0.190674,2.316691,7.440022,0.135570,0.137809,0.006673,-0.122394,-0.474175
cuboid > 2
0.001304,0.014289,11394.702148,1.629528,0.035842,0.489278,1.629528,0.056202,0.057390,0.000177,-0.054312,-0.037616
0.089869,0.014446,36.765850,2.228543,0.089122,0.792640,2.228543,0.011366,0.012095,0.012189,-0.004570,-0.098773
0.005082,0.036762,5497.596191,3.052924,0.070131,0.934297,3.052924,0.090990,0.093783,0.000732,-0.084358,-0.121191
0.000247,0.003024,29233.339844,0.768424,0.015701,0.225848,0.768424,0.030110,0.030787,0.000033,-0.029997,0.000000
0.035629,0.089809,1937.525757,6.070191,0.168373,1.975140,6.070191,0.140637,0.144969,0.006335,-0.115048,-0.365802
cuboid > 3
0.003877,0.040408,5370.888672,2.118261,0.061491,0.719388,2.118261,0.086776,0.089993,0.000682,-0.076963,-0.092038
0.000247,0.005543,27201.855469,0.690034,0.015610,0.216411,0.690034,0.031265,0.032287,0.000039,-0.030486,0.000000
0.089508,0.024939,80.340309,2.249645,0.122760,0.873376,2.249645,0.041696,0.043217,0.012088,-0.032167,-0.347204
0.034686,0.055950,1866.280151,5.733309,0.175747,1.985322,5.733309,0.159511,0.167243,0.006758,-0.122857,-0.183197
0.000813,0.012758,11716.234375,0.993310,0.028398,0.338049,0.993310,0.049541,0.050921,0.000138,-0.046274,-0.020003
cuboid > 4
0.066094,0.018729,65.979324,1.494874,0.107337,0.610533,1.494874,0.047830,0.049409,0.008959,-0.037466,-0.260844
0.000864,0.015711,11868.010742,1.116310,0.029596,0.364912,1.116310,0.049536,0.050537,0.000132,-0.047012,-0.023457
0.029487,0.108628,1948.169556,5.271270,0.166908,1.822413,5.271270,0.157959,0.163522,0.005350,-0.123921,-0.845930
0.005258,0.066503,5446.017578,2.781188,0.077551,0.921847,2.781188,0.105264,0.108958,0.001063,-0.088391,-0.391230
0.000263,0.002690,25085.150391,0.705081,0.016441,0.221311,0.705081,0.031517,0.032191,0.000039,-0.030901,0.000000
cuboid > 5
0.000979,0.013723,11815.165039,1.177201,0.032044,0.389906,1.177201,0.054171,0.055616,0.000192,-0.049375,-0.040455
0.051698,0.008201,51.900703,1.291600,0.074439,0.508844,1.291600,0.026917,0.027683,0.006663,-0.022719,-0.049279
0.005023,0.060979,5654.090332,2.724253,0.082712,0.943812,2.724253,0.122630,0.129009,0.001306,-0.096271,-0.293887
0.000260,0.006313,26431.095703,0.723836,0.016314,0.223384,0.723836,0.031734,0.032489,0.000038,-0.031051,-0.015716
0.029150,0.120181,1973.028320,5.184658,0.166533,1.791979,5.184658,0.162487,0.169267,0.004995,-0.127675,-0.676291
cuboid > 6
0.000245,0.001910,28114.914062,0.745926,0.015571,0.219463,0.745926,0.029275,0.029666,0.000032,-0.029112,0.000000
0.000991,0.003277,11623.974609,1.238408,0.030122,0.385448,1.238408,0.047664,0.048323,0.000135,-0.046477,0.000000
0.004465,0.013524,5482.145508,2.558706,0.063950,0.802890,2.558706,0.082184,0.083938,0.000684,-0.075892,-0.047599
0.041512,0.003591,34.233036,1.018082,0.048150,0.379663,1.018082,0.010933,0.011175,0.005227,-0.009611,-0.041694
0.032033,0.021738,1992.628418,5.832041,0.156608,1.879027,5.832041,0.127065,0.129534,0.004349,-0.117120,-0.119332
cuboid > 7
0.001058,0.001347,10971.915039,1.228027,0.029705,0.375447,1.228027,0.045040,0.045325,0.000132,-0.044736,0.000000
0.004939,0.016429,5248.518555,2.667206,0.063039,0.808903,2.667206,0.075345,0.076098,0.000616,-0.074031,-0.133680
0.000241,0.005534,30319.662109,0.764303,0.015149,0.224638,0.764303,0.030260,0.031063,0.000035,-0.029692,0.000000
0.027602,0.000777,14.020082,0.622067,0.027484,0.225088,0.622067,0.003168,0.003230,0.003458,-0.002678,-0.037415
0.034868,0.011485,1877.129883,5.586040,0.150493,1.780602,5.586040,0.111942,0.112714,0.004667,-0.107080,-0.050425
cuboid > 8
0.000241,0.000466,27211.279297,0.714636,0.015392,0.210626,0.714636,0.028178,0.028317,0.000030,-0.028178,0.000000
0.001282,0.031341,11550.152344,1.507588,0.036324,0.470174,1.507588,0.060869,0.062728,0.000215,-0.055611,-0.053411
0.055290,0.148642,1820.266968,8.786479,0.230566,2.780897,8.786479,0.177347,0.183283,0.008769,-0.143915,-0.867892
0.006179,0.137686,5338.395996,3.340184,0.083957,1.053931,3.340184,0.112918,0.116727,0.001123,-0.094347,-0.774616
0.160173,0.020956,21.041313,2.204196,0.097669,0.818210,2.204196,-0.004886,-0.004157,0.022591,0.014696,-0.454914
cuboid > 9
0.000247,0.010254,29201.263672,0.752940,0.015222,0.224882,0.752940,0.030958,0.031883,0.000035,-0.030569,0.000000
0.001122,0.009955,11725.248047,1.407519,0.032759,0.438253,1.407519,0.053485,0.054931,0.000167,-0.051218,0.000000
0.214260,0.024702,50.455387,3.448548,0.143179,1.253607,3.448548,0.002449,0.003642,0.030059,0.010790,-0.458792
0.004749,0.025802,5598.201172,2.778853,0.067164,0.859605,2.778853,0.086277,0.088247,0.000702,-0.080478,-0.043197
0.034341,0.066891,1993.323364,6.395298,0.173788,2.060891,6.395298,0.144958,0.148899,0.005561,-0.124085,-0.422244
cuboid > 10
0.004484,0.036402,5422.468750,2.533279,0.070649,0.842746,2.533279,0.097976,0.101442,0.000899,-0.083176,-0.196911
0.000267,0.005486,26131.050781,0.728459,0.016144,0.226533,0.728459,0.032124,0.033176,0.000042,-0.031369,0.000000
0.000836,0.010779,11507.674805,1.011631,0.028803,0.340225,1.011631,0.048880,0.050017,0.000147,-0.045488,-0.028925
0.212204,0.041949,114.106346,3.427656,0.187983,1.323928,3.427656,0.046247,0.048553,0.029243,-0.028791,-0.794778
0.031811,0.069227,2012.132935,5.827926,0.173698,1.987620,5.827926,0.163165,0.170291,0.006040,-0.126712,-0.290994
cuboid > 11
0.000950,0.016991,12071.417969,1.213938,0.032110,0.399825,1.213938,0.054885,0.056350,0.000166,-0.050660,-0.071736
0.004432,0.042310,5723.159668,2.574899,0.072060,0.856098,2.574899,0.098954,0.101423,0.000847,-0.084464,-0.350792
0.178958,0.031376,89.875961,2.605868,0.172224,1.022762,2.605868,0.052254,0.054157,0.024853,-0.035564,-0.586882
0.026422,0.084028,2087.872803,5.109640,0.168946,1.803697,5.109640,0.166483,0.171704,0.005133,-0.127416,-0.788841
0.000270,0.004523,26232.970703,0.723974,0.016966,0.231613,0.723974,0.033864,0.034941,0.000044,-0.032602,0.000000
cuboid > 12
0.000962,0.016893,11793.331055,1.143018,0.032092,0.381196,1.143018,0.054074,0.055364,0.000197,-0.048595,-0.036929
0.021311,0.073981,2147.615723,4.196057,0.140504,1.478109,4.196057,0.144144,0.149508,0.003663,-0.117403,-0.439861
0.004200,0.042881,5518.473633,2.266030,0.068667,0.781784,2.266030,0.097790,0.101707,0.000916,-0.081749,-0.137856
0.000260,0.007320,26621.986328,0.731621,0.016326,0.226348,0.731621,0.032036,0.032867,0.000038,-0.031352,-0.018078
0.158472,0.025854,73.031731,2.502645,0.143526,0.966602,2.502645,0.034561,0.036040,0.022191,-0.022326,-0.368152
cuboid > 13
0.000250,0.001317,27609.755859,0.746259,0.015939,0.220933,0.746259,0.029748,0.030082,0.000033,-0.029535,0.000000
0.000927,0.006850,11534.638672,1.154282,0.029002,0.362807,1.154282,0.046040,0.046652,0.000127,-0.044793,-0.026120
0.003886,0.024647,5415.967285,2.224221,0.058103,0.711973,2.224221,0.075699,0.077175,0.000574,-0.070457,-0.113392
0.132274,0.020428,47.670971,2.157803,0.100619,0.814406,2.157803,0.008911,0.009661,0.018240,-0.001967,-0.283920
0.027048,0.041642,1991.131592,5.008462,0.143929,1.659250,5.008462,0.125644,0.128775,0.003870,-0.112569,-0.189909
cuboid > 14
0.000249,0.005243,29821.472656,0.757887,0.015558,0.223626,0.757887,0.029937,0.030535,0.000036,-0.029457,0.000000
0.000947,0.015536,11343.116211,1.190346,0.029297,0.373492,1.190346,0.047603,0.048545,0.000130,-0.046170,-0.026095
0.034482,0.038642,2007.742676,5.835474,0.158738,1.838574,5.835474,0.122431,0.123396,0.004764,-0.112057,-0.593501
0.003967,0.004256,5536.637695,2.347225,0.060087,0.737685,2.347225,0.076971,0.078050,0.000543,-0.073516,0.000000
0.090889,0.009095,18.087990,1.386741,0.060076,0.509978,1.386741,-0.001526,-0.001145,0.012575,0.006255,-0.222891
cuboid > 15
0.000272,0.002120,27944.953125,0.789378,0.017392,0.237201,0.789378,0.033276,0.033908,0.000043,-0.032268,0.000000
0.001261,0.047144,11896.608398,1.624357,0.040754,0.531280,1.624357,0.078463,0.082886,0.000241,-0.067887,-0.201301
0.042119,0.149588,2061.454590,7.639526,0.208567,2.477609,7.639526,0.180346,0.188793,0.008430,-0.137101,-0.931701
0.005304,0.077198,5540.665039,3.181525,0.076622,0.992214,3.181525,0.103116,0.106408,0.000841,-0.091296,-0.343459
0.212801,0.042244,20.879810,2.795494,0.126413,1.045930,2.795494,-0.006735,-0.005165,0.032052,0.024999,-0.602789
cuboid > 16
0.000254,0.006625,27790.447266,0.750206,0.015830,0.224805,0.750206,0.030748,0.031386,0.000036,-0.030236,0.000000
0.001140,0.014719,11444.401367,1.398738,0.033826,0.435872,1.398738,0.054230,0.055299,0.000159,-0.052096,-0.067155
0.042709,0.074678,1974.154297,7.519328,0.206668,2.442472,7.519328,0.171617,0.177194,0.007470,-0.137355,-0.636949
0.005293,0.029005,5645.588379,3.082264,0.075742,0.959376,3.082264,0.097893,0.100626,0.000877,-0.087506,-0.087706
0.272869,0.039317,32.878613,3.410349,0.152901,1.265656,3.410349,-0.010737,-0.009171,0.040164,0.029215,-0.618937
cuboid > 17
0.003292,0.039396,5646.507812,2.031537,0.056049,0.677766,2.031537,0.080667,0.083557,0.000531,-0.073411,-0.118485
0.000671,0.017221,11726.376953,0.870931,0.024828,0.295819,0.870931,0.043340,0.044398,0.000098,-0.041747,-0.023502
0.291292,0.047538,49.469032,3.586362,0.167281,1.323581,3.586362,-0.000976,0.000935,0.041978,0.020586,-0.598182
0.000267,0.005594,27450.843750,0.732049,0.016086,0.225632,0.732049,0.031997,0.033022,0.000041,-0.031285,0.000000
0.025713,0.055913,2103.918213,4.950864,0.147484,1.678111,4.950864,0.142244,0.148333,0.004434,-0.116497,-0.262894
cuboid > 18
0.000866,0.022835,11859.546875,1.065879,0.029874,0.361436,1.065879,0.052512,0.054115,0.000158,-0.048388,-0.070872
7.497606,1.639323,22.116598,22.756681,2.794869,6.647141,22.756681,-0.950791,-0.938298,1.236179,1.418094,-343.154572
0.007240,0.046608,4203.505371,2.624361,0.082865,0.919416,2.624361,0.103583,0.106560,0.001467,-0.086798,-0.386059
0.262138,0.050572,86.640068,3.316154,0.158340,1.213459,3.316154,0.007922,0.009572,0.037685,0.010478,-0.235688
0.000260,0.003394,26402.689453,0.713401,0.016391,0.222527,0.713401,0.031853,0.032587,0.000039,-0.031073,0.000000
cuboid > 19
0.227841,0.041041,48.475544,3.053955,0.145932,1.123063,3.053955,0.007915,0.009331,0.032856,0.007793,-0.733641
0.000877,0.015254,11785.715820,1.081079,0.029347,0.356838,1.081079,0.049428,0.050485,0.000138,-0.046610,-0.024627
0.000266,0.008433,27673.382812,0.730036,0.016333,0.229520,0.730036,0.033334,0.034598,0.000041,-0.032580,0.000000
0.003773,0.037880,5590.902832,2.227600,0.060634,0.732433,2.227600,0.082977,0.085107,0.000601,-0.075347,-0.102215
0.019561,0.041870,2224.858154,4.097023,0.127008,1.402512,4.097023,0.124343,0.127736,0.003122,-0.108817,-0.328463
cuboid > 20
0.003687,0.028453,5385.456543,2.102952,0.055558,0.678674,2.102952,0.074268,0.076130,0.000528,-0.069956,-0.114307
0.028863,0.046856,1998.371460,5.020898,0.146093,1.667510,5.020898,0.127881,0.131685,0.004980,-0.108694,-0.276948
0.182433,0.031949,37.542786,2.601372,0.111052,0.946639,2.601372,-0.001691,-0.000625,0.026454,0.013200,-0.414436
0.000963,0.009926,11448.076172,1.207385,0.029898,0.379884,1.207385,0.048264,0.049092,0.000131,-0.046827,-0.025542
0.000249,0.003792,26819.236328,0.735735,0.015882,0.218925,0.735735,0.029728,0.030049,0.000032,-0.029563,0.000000
cuboid > 21
0.000231,0.001721,28142.548828,0.702788,0.014764,0.208112,0.702788,0.028178,0.028692,0.000030,-0.028178,0.000000
0.001014,0.028257,10837.431641,1.172188,0.030189,0.380439,1.172188,0.050713,0.052257,0.000177,-0.048034,0.000000
0.045325,0.128495,1773.387451,6.842373,0.201266,2.251897,6.842373,0.158175,0.161551,0.008442,-0.120458,-0.778783
0.004958,0.039196,5136.451660,2.547738,0.068970,0.827102,2.547738,0.087888,0.089528,0.000801,-0.078925,-0.228208
0.147744,0.025048,18.110630,1.937481,0.082760,0.703309,1.937481,-0.007296,-0.006551,0.021353,0.016346,-0.304491
cuboid > 22
0.002582,0.011163,6967.667480,1.738710,0.046290,0.555917,1.738710,0.063364,0.064058,0.000347,-0.060718,-0.074538
0.000214,0.010937,32141.410156,0.701512,0.012969,0.207813,0.701512,0.028178,0.029343,0.000030,-0.028178,0.000000
0.114640,0.287291,1541.065674,12.971148,0.370731,4.314426,12.971148,0.258754,0.276287,0.028801,-0.134285,-1.740683
0.178941,0.057236,18.245010,2.645959,0.119965,0.991763,2.645959,0.002802,0.005458,0.029635,0.022998,-0.769329
0.000720,0.000619,14565.448242,1.130590,0.025984,0.341478,1.130590,0.041396,0.041581,0.000094,-0.040884,0.000000
cuboid > 23
0.000872,0.052516,14242.570312,1.348412,0.029300,0.410399,1.348412,0.051633,0.053204,0.000138,-0.048696,-0.223584
0.002672,0.031445,6695.345215,1.893803,0.051542,0.615508,1.893803,0.076919,0.079137,0.000435,-0.069660,-0.060480
0.049573,0.203373,1992.440796,8.048334,0.235440,2.691190,8.048334,0.209749,0.220089,0.010370,-0.147630,-1.273112
0.000296,0.010045,27980.343750,0.837490,0.017634,0.252232,0.837490,0.036734,0.038234,0.000046,-0.035540,0.000000
0.243030,0.065040,22.125608,3.305623,0.145974,1.217525,3.305623,-0.004531,-0.001625,0.040843,0.036083,-0.799462
cuboid > 24
0.000249,0.002246,26402.296875,0.683195,0.015479,0.211425,0.683195,0.029676,0.030347,0.000035,-0.029383,0.000000
0.000467,0.024816,14293.815430,0.757467,0.020941,0.260570,0.757467,0.039349,0.040835,0.000068,-0.038025,-0.080902
0.066643,0.174696,1963.289307,9.296417,0.273781,3.122186,9.296417,0.221953,0.240524,0.019963,-0.120196,-0.951158
0.001894,0.002979,7025.492676,1.375026,0.039205,0.449218,1.375026,0.055522,0.055959,0.000264,-0.053451,0.000000
0.337844,0.065079,21.663477,3.718235,0.161226,1.349134,3.718235,-0.016397,-0.013498,0.051609,0.047415,-1.212570
cuboid > 25
0.000372,0.009560,14525.787109,0.608982,0.018623,0.213384,0.608982,0.033464,0.033881,0.000046,-0.033056,-0.033261
0.320661,0.063360,23.379694,3.665747,0.164353,1.347756,3.665747,-0.011987,-0.008851,0.050428,0.045467,-1.203424
0.001932,0.015405,7075.996094,1.250345,0.039939,0.437250,1.250345,0.057625,0.058448,0.000363,-0.053299,-0.039329
0.000238,0.001498,25934.837891,0.667860,0.015261,0.206035,0.667860,0.028873,0.029320,0.000032,-0.028642,0.000000
0.060827,0.176657,1961.146606,9.260405,0.263514,3.050062,9.260405,0.219819,0.235004,0.016146,-0.131300,-1.425577
cuboid > 26
0.000639,0.004428,12452.290039,0.828864,0.022948,0.270065,0.828864,0.037016,0.037088,0.000080,-0.036846,0.000000
0.064970,0.107614,1891.070801,9.297148,0.276910,3.132848,9.297148,0.229528,0.242826,0.017050,-0.134907,-1.188058
0.003760,0.013470,5507.949219,2.106226,0.059107,0.685785,2.106226,0.078603,0.080469,0.000600,-0.072562,-0.048000
0.000234,0.001306,27864.806641,0.710110,0.014972,0.209413,0.710110,0.028178,0.028568,0.000030,-0.028178,0.000000
0.254874,0.068215,23.271034,3.466098,0.150640,1.265928,3.466098,-0.004277,-0.001235,0.040553,0.034992,-1.041556
cuboid > 27
0.000259,0.009632,27716.132812,0.740518,0.016203,0.220676,0.740518,0.031652,0.032227,0.000036,-0.031075,0.000000
0.001302,0.009191,11850.864258,1.680314,0.037112,0.511846,1.680314,0.061190,0.063529,0.000188,-0.059209,0.000000
0.120586,0.241393,1447.504883,13.682625,0.407304,4.617209,13.682625,0.294940,0.318184,0.030852,-0.151338,-1.223468
0.007180,0.051262,4967.618652,3.124399,0.093717,1.057503,3.124399,0.123720,0.128604,0.001759,-0.097322,-0.115522
0.219595,0.060122,17.981602,2.998317,0.130360,1.090573,2.998317,-0.004001,-0.001584,0.034450,0.028652,-1.010174
cuboid > 28
0.000322,0.062590,29213.859375,0.981895,0.017909,0.310434,0.981895,0.046480,0.050205,0.000061,-0.043874,0.000000
0.001348,0.027790,11987.585938,1.696008,0.038735,0.515771,1.696008,0.062806,0.064154,0.000207,-0.058455,-0.064118
0.100972,0.205000,1396.800903,11.590464,0.344267,3.864315,11.590464,0.245890,0.258736,0.022272,-0.147814,-1.956747
0.005885,0.046836,5304.721191,3.164193,0.078767,0.976265,3.164193,0.100871,0.103385,0.000906,-0.090826,-0.082232
0.204359,0.047678,17.364922,2.564066,0.113842,0.931765,2.564066,-0.005627,-0.003743,0.031195,0.025594,-1.165044
cuboid > 29
0.000227,0.020089,26766.392578,0.641693,0.013616,0.198661,0.641693,0.028178,0.028844,0.000030,-0.028178,0.000000
0.000917,0.021806,11574.744141,1.114936,0.028193,0.346667,1.114936,0.043851,0.043983,0.000120,-0.042247,-0.087046
0.043169,0.025711,13.484131,1.043217,0.048039,0.391477,1.043217,0.010331,0.011623,0.006672,-0.002568,-0.209907
0.008278,0.228269,5181.282715,3.099427,0.093808,1.030372,3.099427,0.126155,0.136596,0.002624,-0.092477,-0.612162
0.133307,0.373015,1377.809326,15.266949,0.398807,4.920287,15.266949,0.268160,0.291304,0.027035,-0.160802,-0.885620
cuboid > 30
0.000863,0.026733,10674.309570,1.003052,0.026570,0.318237,1.003052,0.042454,0.042782,0.000112,-0.041712,0.000000
0.155750,0.269752,1287.079346,16.013853,0.449563,5.273864,16.013853,0.287955,0.308609,0.034784,-0.154017,-1.342810
0.006808,0.048054,4613.304688,3.170268,0.075534,0.972229,3.170268,0.088702,0.090824,0.000904,-0.084735,-0.249750
0.058598,0.032935,14.134024,1.285872,0.058756,0.480502,1.285872,0.010159,0.011541,0.009125,-0.000107,-0.357253
0.000244,0.000000,24694.076172,0.659597,0.015625,0.202446,0.659597,0.028178,0.028178,0.000030,-0.028178,0.000000
cuboid > 31
0.007449,0.119213,4999.512695,3.780904,0.084693,1.128471,3.780904,0.102384,0.105073,0.001014,-0.094311,-0.711495
0.001257,0.001099,11021.116211,1.385163,0.033203,0.422119,1.385163,0.049575,0.049903,0.000158,-0.048917,0.000000
0.081761,0.037865,18.084736,1.723373,0.071302,0.618732,1.723373,0.008460,0.010013,0.012084,0.001971,-0.331663
0.119013,0.343007,1434.256836,14.257952,0.402565,4.783502,14.257952,0.296806,0.328034,0.029055,-0.157855,-0.939297
0.000229,0.001888,28653.589844,0.660604,0.014681,0.202601,0.660604,0.028178,0.028741,0.000030,-0.028178,0.000000
cuboid > 32
0.000228,0.002021,27103.833984,0.653480,0.014614,0.200870,0.653480,0.028178,0.028781,0.000030,-0.028178,0.000000
0.000777,0.013754,12469.724609,0.953106,0.024893,0.301928,0.953106,0.039241,0.039324,0.000096,-0.038566,-0.054903
0.082287,0.035383,21.067326,1.709739,0.079698,0.639284,1.709739,0.012537,0.014399,0.012646,0.000310,-0.540773
0.003714,0.105767,5195.069336,1.992123,0.054027,0.637494,1.992123,0.069715,0.070501,0.000486,-0.064738,-0.387905
0.098515,0.221852,1585.664185,12.296577,0.340228,4.057298,12.296577,0.250340,0.271650,0.022118,-0.148403,-0.691844
cuboid > 33
0.000659,0.314062,27593.937500,1.323262,0.030069,0.439063,1.323262,0.075743,0.084509,0.000186,-0.060598,-1.839821
0.000732,0.011303,12643.291992,0.959598,0.025343,0.309725,0.959598,0.042189,0.042817,0.000094,-0.041657,0.000000
0.076264,0.038614,22.239325,1.639352,0.076123,0.616989,1.639352,0.013741,0.015594,0.011875,-0.000720,-0.321786
0.007392,0.274462,5383.959961,3.753371,0.092170,1.209732,3.753371,0.129367,0.141324,0.001680,-0.105678,-0.974010
0.137250,0.279783,1452.982910,15.248434,0.429228,5.036829,15.248434,0.301684,0.327207,0.033444,-0.153791,-2.539908
cuboid > 34
0.000895,0.034331,11628.356445,1.098695,0.026891,0.341035,1.098695,0.043163,0.043655,0.000112,-0.041577,-0.129139
0.000244,0.000000,28662.869141,0.765572,0.015625,0.218750,0.765572,0.028178,0.028178,0.000030,-0.028178,0.000000
0.120730,0.213509,1405.664185,13.834529,0.382100,4.571962,13.834529,0.263575,0.284218,0.028294,-0.148263,-0.627564
0.006665,0.067766,4978.895020,3.207050,0.077639,0.987598,3.207050,0.094475,0.096760,0.001176,-0.083707,-0.577253
0.081298,0.039695,19.342876,1.748499,0.079310,0.650379,1.748499,0.013489,0.015519,0.013046,0.001187,-0.447201
cuboid > 35
0.000241,0.000434,28623.539062,0.747385,0.015408,0.215886,0.747385,0.028178,0.028308,0.000030,-0.028178,0.000000
0.001149,0.001122,11337.901367,1.384156,0.031497,0.415454,1.384156,0.047128,0.047464,0.000142,-0.047128,0.000000
0.098246,0.026773,16.591619,1.598498,0.074665,0.595607,1.598498,0.006209,0.007754,0.014558,0.005509,-0.396458
0.006266,0.035291,5297.591309,3.427782,0.079758,1.054457,3.427782,0.100505,0.105335,0.001063,-0.088424,-0.045577
0.153178,0.278992,1251.412842,15.379494,0.421933,4.996236,15.379494,0.258505,0.275984,0.032409,-0.142801,-1.551421
