cuboid > 1
0.001332,0.005495,11853.653320,1.636174,0.035238,0.476598,1.636174,0.051528,0.051710,0.000166,-0.051086,0.000000
0.100873,0.007677,23.499271,1.812251,0.077666,0.667234,1.812251,0.001838,0.002255,0.012875,0.000973,-0.032208
0.000244,0.000000,28662.818359,0.765573,0.015625,0.218751,0.765573,0.028178,0.028178,0.000030,-0.028178,0.000000
0.006292,0.012355,5356.171875,3.413187,0.073514,0.990363,3.413187,0.081690,0.081906,0.000776,-0.080807,-0.057468
0.043370,0.130538,1984.238159,7.682136,0.180771,2.309489,7.682136,0.133750,0.136943,0.005878,-0.122143,-0.493324
cuboid > 2
0.001356,0.005350,12053.556641,1.700625,0.035938,0.494522,1.700625,0.052398,0.052627,0.000169,-0.051909,-0.024960
0.172619,0.013667,44.931694,3.069776,0.152609,1.219663,3.069776,0.012609,0.013740,0.022843,-0.003197,-0.090016
0.004458,0.027206,5511.173340,2.585086,0.060862,0.780890,2.585086,0.075333,0.076228,0.000592,-0.072079,-0.149679
0.000244,0.000000,28276.990234,0.755260,0.015625,0.217162,0.755260,0.028178,0.028178,0.000030,-0.028178,0.000000
0.056037,0.118245,1829.862183,8.893037,0.219107,2.756609,8.893037,0.158081,0.162846,0.008531,-0.133495,-0.744654
cuboid > 3
0.007108,0.087161,5088.429688,3.449527,0.093501,1.117066,3.449527,0.124015,0.128882,0.001561,-0.099307,-0.445713
0.000248,0.002511,27773.867188,0.741742,0.015549,0.218572,0.741742,0.029311,0.029699,0.000033,-0.029136,0.000000
0.188930,0.026772,73.572784,3.600616,0.218509,1.535998,3.600616,0.050655,0.053445,0.026479,-0.027204,-0.387129
0.066910,0.115632,1681.043823,9.829867,0.271612,3.212038,9.829867,0.214896,0.224630,0.012173,-0.154653,-0.572147
0.001019,0.020085,11521.564453,1.240292,0.031658,0.395886,1.240292,0.052496,0.053844,0.000159,-0.049186,-0.060524
cuboid > 4
0.176890,0.056431,74.894325,3.125745,0.218980,1.345762,3.125745,0.071246,0.075320,0.025373,-0.038980,-0.710791
0.001585,0.032369,12038.280273,1.674568,0.043046,0.541089,1.674568,0.070976,0.074004,0.000459,-0.059611,-0.129351
0.056447,0.203535,1850.595093,8.882416,0.277364,3.025312,8.882416,0.252886,0.266012,0.012518,-0.162304,-1.450136
0.006630,0.077455,5494.209961,3.270913,0.095468,1.090449,3.270913,0.131238,0.136662,0.001862,-0.100116,-0.419920
0.000266,0.009657,25980.341797,0.732860,0.016896,0.225726,0.732860,0.032095,0.032558,0.000041,-0.030824,-0.036742
cuboid > 5
0.001192,0.014919,12051.790039,1.479655,0.035481,0.456887,1.479655,0.056077,0.056883,0.000190,-0.052286,-0.044564
0.164962,0.039977,57.302464,2.915037,0.177107,1.193889,2.915037,0.038066,0.040425,0.022479,-0.020942,-0.463994
0.004512,0.037407,5610.191895,2.610010,0.068476,0.838411,2.610010,0.091010,0.093094,0.000814,-0.079143,-0.337258
0.000259,0.001676,27586.808594,0.748885,0.016306,0.225585,0.748885,0.030770,0.031270,0.000037,-0.030207,0.000000
0.045167,0.132177,1890.104614,7.371204,0.201948,2.386894,7.371204,0.170041,0.176747,0.007522,-0.132272,-0.770263
cuboid > 6
0.000243,0.004038,28767.162109,0.751331,0.015493,0.218560,0.751331,0.028825,0.029093,0.000031,-0.028718,0.000000
0.001262,0.011634,12024.381836,1.566237,0.034813,0.464476,1.566237,0.052522,0.053076,0.000175,-0.050811,-0.044390
0.003992,0.026870,5406.506836,2.274676,0.056292,0.695376,2.274676,0.071013,0.071902,0.000560,-0.067157,-0.163610
0.102952,0.019770,37.454308,2.045433,0.097422,0.774339,2.045433,0.012200,0.012963,0.013620,-0.006359,-0.237374
0.043619,0.076927,1907.935547,7.036952,0.176185,2.183867,7.036952,0.131225,0.134270,0.006278,-0.116070,-0.306490
cuboid > 7
0.001130,0.009836,11867.229492,1.427370,0.032842,0.426652,1.427370,0.050113,0.050439,0.000155,-0.048307,-0.035630
0.005876,0.042930,5305.508301,3.085363,0.070846,0.919345,3.085363,0.084087,0.085197,0.000805,-0.078430,-0.251071
0.000242,0.001111,28115.531250,0.743465,0.015514,0.218083,0.743465,0.028980,0.029311,0.000030,-0.028980,0.000000
0.051726,0.004578,19.516327,0.928403,0.045461,0.352520,0.928403,0.004517,0.004686,0.006535,-0.003253,-0.067133
0.049977,0.024932,1775.013672,7.836910,0.189835,2.379608,7.836910,0.128016,0.129440,0.006506,-0.119024,-0.261767
cuboid > 8
0.000249,0.001596,28175.521484,0.766564,0.015864,0.223937,0.766564,0.029617,0.029915,0.000032,-0.029378,0.000000
0.001183,0.001742,12518.869141,1.504268,0.032716,0.445470,1.504268,0.049055,0.049434,0.000150,-0.048639,0.000000
0.045783,0.083923,2030.056641,8.451097,0.204353,2.582128,8.451097,0.158948,0.163633,0.006782,-0.136416,-0.765585
0.005843,0.014746,5575.930176,3.308026,0.074728,0.981609,3.308026,0.087555,0.088416,0.000832,-0.082651,-0.099648
0.252990,0.037298,26.587614,3.324675,0.138926,1.210765,3.324675,-0.012132,-0.010876,0.034937,0.025500,-0.709771
cuboid > 9
0.000259,0.001779,27817.503906,0.771120,0.016484,0.228883,0.771120,0.030829,0.031152,0.000037,-0.030130,0.000000
0.001257,0.010917,12076.776367,1.586029,0.036153,0.483216,1.586029,0.056979,0.057965,0.000190,-0.053879,-0.012117
0.351235,0.046063,56.280270,4.889456,0.248138,1.939271,4.889456,0.011859,0.015064,0.051379,0.022177,-0.396207
0.006232,0.045393,5365.205566,3.405088,0.082594,1.061863,3.405088,0.102997,0.105099,0.001033,-0.091543,-0.129062
0.049354,0.081898,1860.709717,8.170862,0.209924,2.586883,8.170862,0.157772,0.161767,0.007680,-0.134174,-0.270800
cuboid > 10
0.007407,0.041630,5249.489258,3.570012,0.093187,1.140249,3.570012,0.117412,0.120976,0.001666,-0.095651,-0.304529
0.000263,0.003344,27220.017578,0.763805,0.016429,0.230421,0.763805,0.031512,0.032139,0.000037,-0.031003,0.000000
0.001204,0.010404,12093.993164,1.443433,0.035590,0.449443,1.443433,0.056623,0.057588,0.000211,-0.052430,-0.016370
0.366387,0.064240,111.675331,5.406121,0.334419,2.278306,5.406121,0.078613,0.084239,0.054908,-0.021042,-0.839533
0.052478,0.109099,1868.148193,8.385023,0.247341,2.785925,8.385023,0.211407,0.219106,0.011128,-0.143066,-0.939517
cuboid > 11
0.001334,0.036613,11807.733398,1.606664,0.041346,0.521113,1.606664,0.069368,0.071506,0.000276,-0.060346,-0.253462
0.006455,0.123469,5584.120117,3.364288,0.097808,1.131215,3.364288,0.136654,0.142178,0.001732,-0.103371,-0.907467
0.354045,0.079966,106.689590,4.749752,0.320997,1.996055,4.749752,0.095186,0.101062,0.051785,-0.038891,-1.334157
0.044037,0.189039,2038.697510,7.639434,0.252186,2.670870,7.639434,0.241884,0.252274,0.010589,-0.154985,-1.577627
0.000286,0.005126,26657.917969,0.776407,0.017644,0.242069,0.776407,0.034909,0.036006,0.000049,-0.033422,-0.005449
cuboid > 12
0.001138,0.023345,11977.891602,1.409708,0.034182,0.437386,1.409708,0.054449,0.055250,0.000176,-0.050660,-0.096235
0.034857,0.187141,2036.314453,6.326914,0.192267,2.135764,6.326914,0.176993,0.183244,0.007019,-0.129631,-1.749569
0.005753,0.048286,5599.357422,2.894821,0.080992,0.957103,2.894821,0.107364,0.110941,0.001656,-0.084633,-0.351804
0.000254,0.002431,27097.037109,0.728447,0.015892,0.220148,0.728447,0.030434,0.031048,0.000035,-0.030159,0.000000
0.358416,0.069967,88.084000,4.565253,0.285266,1.915990,4.565253,0.052802,0.057463,0.051874,-0.011950,-1.028841
cuboid > 13
0.000247,0.002980,27792.917969,0.743490,0.015628,0.218537,0.743490,0.029055,0.029354,0.000032,-0.028918,0.000000
0.001041,0.009004,12144.533203,1.344242,0.031138,0.410039,1.344242,0.049043,0.049716,0.000140,-0.047876,-0.012134
0.004171,0.036100,5472.338379,2.380404,0.060209,0.742309,2.380404,0.076825,0.077843,0.000584,-0.072104,-0.189490
0.272371,0.037974,60.143822,3.800897,0.177603,1.454863,3.800897,0.003122,0.004755,0.038017,0.013260,-0.420313
0.030979,0.059504,1981.327393,5.635698,0.156396,1.827922,5.635698,0.129746,0.132605,0.004572,-0.115631,-0.281239
cuboid > 14
0.000244,0.000000,27480.878906,0.734014,0.015625,0.213893,0.734014,0.028178,0.028178,0.000030,-0.028178,0.000000
0.001296,0.018017,11217.990234,1.512596,0.034183,0.453761,1.512596,0.052187,0.053000,0.000168,-0.051043,-0.090476
0.055508,0.057993,1696.535889,8.004451,0.209927,2.512443,8.004451,0.145867,0.148566,0.008049,-0.127162,-0.567918
0.005430,0.033631,5177.359863,2.800243,0.066001,0.849634,2.800243,0.078039,0.078832,0.000722,-0.074339,-0.124115
0.173870,0.023165,17.101118,2.138826,0.089255,0.769280,2.138826,-0.010999,-0.010228,0.023909,0.019465,-0.588245
cuboid > 15
0.000244,0.000684,27184.738281,0.725306,0.015625,0.214531,0.725306,0.028795,0.028999,0.000031,-0.028693,0.000000
0.001144,0.018558,12251.781250,1.431102,0.032697,0.432498,1.431102,0.050778,0.051440,0.000156,-0.049086,-0.065896
0.055377,0.149962,1973.639526,9.176757,0.235286,2.874333,9.176757,0.182520,0.189599,0.010276,-0.138337,-1.485192
0.006016,0.106824,5585.065918,3.411865,0.079202,1.039202,3.411865,0.101643,0.104536,0.001066,-0.088805,-0.426570
0.206971,0.043372,26.257523,2.646998,0.110579,0.950987,2.646998,-0.006844,-0.005465,0.029108,0.019604,-0.752843
cuboid > 16
0.000258,0.001238,26500.773438,0.747904,0.016465,0.223402,0.747904,0.030445,0.030663,0.000034,-0.030029,0.000000
0.001172,0.019744,11674.307617,1.430748,0.033639,0.442250,1.430748,0.053344,0.054371,0.000170,-0.051010,-0.028328
0.036034,0.050202,2003.418945,6.291492,0.175255,2.054850,6.291492,0.139350,0.141593,0.005376,-0.123625,-0.340815
0.005044,0.017599,5533.724609,2.844844,0.069342,0.882443,2.844844,0.085581,0.086970,0.000725,-0.080463,-0.057955
0.302949,0.056399,45.606964,3.858413,0.181966,1.459649,3.858413,-0.000091,0.002141,0.043316,0.021691,-0.497182
cuboid > 17
0.004387,0.044469,5546.484863,2.372673,0.066230,0.778576,2.372673,0.088377,0.090560,0.000816,-0.078213,-0.202661
0.000917,0.015121,11983.208984,1.141036,0.029826,0.367342,1.141036,0.048702,0.049568,0.000137,-0.046548,-0.015974
0.325448,0.060343,79.029854,3.989128,0.226722,1.600263,3.989128,0.027562,0.030572,0.047041,0.001761,-0.768819
0.000245,0.002973,25703.259766,0.683856,0.015485,0.208581,0.683856,0.028839,0.029151,0.000032,-0.028780,0.000000
0.031424,0.083520,2040.305786,5.569188,0.178925,1.937704,5.569188,0.163801,0.168961,0.006160,-0.126175,-0.635934
cuboid > 18
0.001237,0.028351,11508.015625,1.398436,0.037183,0.458594,1.398436,0.063059,0.065311,0.000263,-0.056090,-0.078154
5.217841,2.254067,20.568417,8.818532,2.198477,3.354980,8.818532,-0.436555,-0.400290,0.806489,0.856208,-247.152618
0.011745,0.082352,3880.162354,3.904893,0.113594,1.312105,3.904893,0.133441,0.137614,0.002373,-0.107182,-0.507133
0.311771,0.067247,138.189331,3.938011,0.211890,1.525054,3.938011,0.042483,0.045585,0.044098,-0.011356,-0.489564
0.000256,0.009745,26544.253906,0.714558,0.016022,0.221358,0.714558,0.031416,0.032247,0.000036,-0.030827,-0.019349
cuboid > 19
0.345314,0.054964,71.771698,4.037018,0.208386,1.570404,4.037018,0.014516,0.017157,0.048443,0.008197,-0.835624
0.001026,0.023075,12059.813477,1.291815,0.032256,0.409838,1.291815,0.053481,0.054690,0.000159,-0.050338,-0.078321
0.000256,0.017960,26952.691406,0.725869,0.015930,0.223696,0.725869,0.031883,0.032724,0.000037,-0.031016,-0.070030
0.004548,0.051351,5563.557129,2.553246,0.068029,0.822802,2.553246,0.092112,0.094987,0.000822,-0.081567,-0.237879
0.025832,0.093464,2079.385010,4.890128,0.145483,1.639812,4.890128,0.132089,0.135380,0.004016,-0.114447,-0.645905
cuboid > 20
0.003682,0.053067,5548.087891,2.138903,0.055250,0.671383,2.138903,0.071899,0.072901,0.000500,-0.067636,-0.291667
0.034844,0.114009,1995.548218,6.192715,0.170211,2.001617,6.192715,0.140075,0.144097,0.005809,-0.117398,-0.804638
0.268998,0.043379,46.573784,3.459906,0.148289,1.269275,3.459906,-0.004615,-0.002986,0.038510,0.021851,-0.564546
0.000926,0.015636,12113.887695,1.204309,0.028639,0.371191,1.204309,0.045727,0.046328,0.000121,-0.044539,-0.054717
0.000247,0.000859,28189.988281,0.748790,0.015754,0.218677,0.748790,0.028888,0.029112,0.000031,-0.028824,0.000000
cuboid > 21
0.000235,0.001234,27953.533203,0.714381,0.015008,0.210115,0.714381,0.028178,0.028546,0.000030,-0.028178,0.000000
0.001312,0.015067,10841.583008,1.554336,0.034824,0.474330,1.554336,0.054410,0.055916,0.000179,-0.053405,0.000000
0.055068,0.217650,1753.987427,8.361556,0.243250,2.746961,8.361556,0.198479,0.205165,0.010698,-0.142718,-1.407688
0.006308,0.094786,5184.864258,3.447154,0.082306,1.052977,3.447154,0.105738,0.108481,0.000996,-0.093462,-0.580018
0.211545,0.033424,13.897264,2.387642,0.093794,0.836766,2.387642,-0.015530,-0.014502,0.029401,0.026868,-0.592650
cuboid > 22
0.002880,0.029809,7012.937500,2.076873,0.054325,0.667565,2.076873,0.078489,0.080701,0.000471,-0.070886,-0.069192
0.000253,0.001780,31393.884766,0.800431,0.016211,0.233463,0.800431,0.030839,0.031370,0.000037,-0.030137,0.000000
0.027686,0.083077,2292.628418,5.482603,0.163611,1.833810,5.482603,0.157187,0.162263,0.005694,-0.121339,-0.431628
0.070261,0.021007,23.810802,1.217181,0.054392,0.443990,1.217181,0.006223,0.007120,0.010348,0.002279,-0.441161
0.000734,0.003983,16128.216797,1.218374,0.029278,0.376721,1.218374,0.050466,0.051466,0.000115,-0.047355,0.000000
cuboid > 23
0.000702,0.009531,15336.318359,1.145723,0.026263,0.356240,1.145723,0.045435,0.046671,0.000100,-0.044294,0.000000
0.002768,0.018101,6817.793457,1.969993,0.051028,0.633431,1.969993,0.072192,0.074002,0.000430,-0.067943,0.000000
0.017181,0.047979,2469.118164,4.051530,0.123687,1.379221,4.051530,0.126455,0.129710,0.002716,-0.111364,-0.092625
0.000250,0.001872,29405.855469,0.783302,0.015483,0.226523,0.783302,0.029292,0.029852,0.000034,-0.029182,0.000000
0.121223,0.038999,34.437359,1.861369,0.080298,0.673070,1.861369,0.006526,0.007907,0.018511,0.007577,-0.706770
cuboid > 24
0.000258,0.008627,30743.126953,0.805107,0.015912,0.237811,0.805107,0.031799,0.032899,0.000037,-0.031448,0.000000
0.000615,0.019808,15961.853516,1.037417,0.024637,0.330139,1.037417,0.045965,0.047577,0.000089,-0.044523,0.000000
0.015814,0.070207,2808.544189,4.111372,0.125265,1.406316,4.111372,0.132215,0.136075,0.002745,-0.112973,-0.327119
0.002266,0.085996,7530.062988,1.901361,0.047784,0.622588,1.901361,0.079002,0.083068,0.000361,-0.072374,-0.198502
0.114630,0.038184,48.244717,1.919208,0.092850,0.713381,1.919208,0.014635,0.016402,0.018618,0.002446,-0.674957
cuboid > 25
0.000703,0.027958,14300.518555,1.047056,0.026391,0.355495,1.047056,0.052638,0.056428,0.000161,-0.048591,0.000000
0.137194,0.042175,37.083557,1.993206,0.094047,0.725380,1.993206,0.011497,0.013181,0.020712,0.004451,-0.917831
0.002827,0.028233,7280.138672,2.089672,0.055320,0.684515,2.089672,0.084430,0.087778,0.000526,-0.074667,-0.025809
0.000244,0.009866,26384.226562,0.678118,0.015151,0.211227,0.678118,0.029940,0.031023,0.000035,-0.029800,0.000000
0.019238,0.112409,2764.073730,4.797100,0.140234,1.618761,4.797100,0.145814,0.150678,0.003522,-0.118985,-0.474000
cuboid > 26
0.000647,0.023426,15526.707031,1.009257,0.026196,0.336225,1.009257,0.049393,0.051309,0.000118,-0.045833,-0.020436
0.024076,0.089739,2395.977783,5.074936,0.148454,1.678651,5.074936,0.141284,0.145142,0.004539,-0.113983,-0.599738
0.002971,0.054302,6820.617188,2.086551,0.053505,0.668907,2.086551,0.079103,0.081663,0.000477,-0.071485,-0.137085
0.000256,0.005282,29731.621094,0.800696,0.015790,0.234594,0.800696,0.031354,0.032191,0.000038,-0.030661,0.000000
0.136853,0.040300,32.923901,1.964175,0.088294,0.716439,1.964175,0.005265,0.006834,0.021059,0.010625,-0.770795
cuboid > 27
0.000239,0.002355,28933.787109,0.748386,0.015297,0.220884,0.748386,0.029567,0.030210,0.000031,-0.029567,0.000000
0.000939,0.016893,12272.302734,1.226046,0.029652,0.381261,1.226046,0.048125,0.048782,0.000125,-0.046551,-0.058984
0.049980,0.118369,1921.594727,7.604148,0.224511,2.510259,7.604148,0.183170,0.190221,0.010382,-0.129173,-0.985820
0.004201,0.046914,5685.686035,2.556729,0.067337,0.821454,2.556729,0.091270,0.093816,0.000690,-0.081959,-0.190728
0.123597,0.027593,19.836668,1.966340,0.077400,0.694893,1.966340,0.000152,0.001430,0.018268,0.012273,-0.599867
cuboid > 28
0.000249,0.000608,27828.968750,0.747121,0.015929,0.219184,0.747121,0.029274,0.029455,0.000031,-0.029274,0.000000
0.001388,0.018942,11643.358398,1.698031,0.039717,0.511202,1.698031,0.062922,0.064089,0.000233,-0.057274,-0.057666
0.074217,0.183238,1624.365112,9.508326,0.272765,3.056132,9.508326,0.197065,0.202686,0.015026,-0.130496,-1.939645
0.004810,0.035778,5115.336426,2.417196,0.066860,0.757070,2.417196,0.086011,0.087438,0.000774,-0.076569,-0.250404
0.105905,0.023784,13.495192,1.563348,0.064700,0.556651,1.563348,-0.000577,0.000582,0.015302,0.010473,-0.508694
cuboid > 29
0.000265,0.004097,26917.107422,0.741634,0.016580,0.224768,0.741634,0.031406,0.031869,0.000036,-0.030891,0.000000
0.001205,0.029996,11915.291992,1.434159,0.036816,0.472588,1.434159,0.064148,0.067643,0.000260,-0.057451,-0.022528
0.007283,0.006793,11.832541,0.214715,0.014145,0.092096,0.214715,0.006711,0.007024,0.001063,-0.004922,-0.077576
0.004034,0.016923,5699.608887,2.259089,0.064577,0.753077,2.259089,0.089341,0.092332,0.000818,-0.077496,-0.012090
0.031846,0.060395,1991.339966,5.780000,0.178422,1.987251,5.780000,0.167950,0.176052,0.006514,-0.127538,-0.275165
cuboid > 30
0.000910,0.018997,12203.031250,1.234459,0.030692,0.396873,1.234459,0.053463,0.055455,0.000139,-0.050817,-0.024129
0.046683,0.252892,1938.657227,7.704962,0.220270,2.562287,7.704962,0.204577,0.219093,0.009950,-0.141806,-1.569393
0.005044,0.116551,5559.020996,2.778203,0.076288,0.944471,2.778203,0.112126,0.120771,0.001240,-0.091095,-0.203379
0.018588,0.012704,13.184958,0.440167,0.023518,0.171294,0.440167,0.007189,0.007715,0.002801,-0.003838,-0.114612
0.000312,0.060522,26962.435547,0.893220,0.017423,0.279441,0.893220,0.041785,0.044518,0.000055,-0.040050,0.000000
cuboid > 31
0.005868,0.117171,5046.980469,2.984398,0.082260,0.987245,2.984398,0.117690,0.123668,0.001089,-0.099074,-0.396243
0.001002,0.016656,11294.383789,1.271868,0.032230,0.410677,1.271868,0.056333,0.058604,0.000160,-0.053022,0.000000
0.023181,0.011910,11.594199,0.521904,0.028091,0.204121,0.521904,0.007055,0.007534,0.003455,-0.003042,-0.169356
0.057593,0.201855,1780.686035,8.728555,0.260289,2.954405,8.728555,0.228326,0.244388,0.012848,-0.151643,-0.898729
0.000259,0.001953,28747.464844,0.701426,0.016602,0.219401,0.701426,0.031700,0.032283,0.000049,-0.030138,0.000000
cuboid > 32
0.000250,0.016502,28504.414062,0.739351,0.015266,0.233817,0.739351,0.034648,0.036574,0.000033,-0.034648,0.000000
0.001211,0.020170,11588.067383,1.463176,0.036408,0.466466,1.463176,0.062199,0.064495,0.000186,-0.058071,0.000000
0.024047,0.012196,12.201853,0.553905,0.029050,0.213280,0.553905,0.007658,0.008194,0.003658,-0.003291,-0.176353
0.005817,0.128987,5513.681641,3.262429,0.090420,1.094100,3.262429,0.132787,0.142393,0.001430,-0.103812,-0.487602
0.062941,0.281251,1849.078369,9.733895,0.274752,3.228071,9.733895,0.241733,0.258460,0.014229,-0.158216,-1.308853
cuboid > 33
0.000259,0.001962,28888.367188,0.809372,0.016606,0.237718,0.809372,0.031717,0.032302,0.000035,-0.031325,0.000000
0.001257,0.021094,12103.249023,1.491803,0.039758,0.496414,1.491803,0.070414,0.073458,0.000263,-0.062291,0.000000
0.021023,0.009402,12.053441,0.514691,0.027921,0.201411,0.514691,0.008323,0.008951,0.003187,-0.004015,-0.224962
0.010497,0.075763,4940.544922,4.158298,0.121627,1.427478,4.158298,0.163448,0.175321,0.003674,-0.115240,-0.084503
0.090288,0.224076,1599.549561,11.419065,0.317187,3.729410,11.419065,0.237899,0.253623,0.019087,-0.149304,-1.563443
cuboid > 34
0.001582,0.009795,11360.781250,1.563847,0.039072,0.485589,1.563847,0.061147,0.063023,0.000313,-0.055632,0.000000
0.000249,0.005417,27457.900391,0.709076,0.015357,0.218693,0.709076,0.031230,0.032388,0.000036,-0.030922,0.000000
0.082783,0.267525,1589.362915,10.643183,0.305482,3.510944,10.643183,0.245880,0.264495,0.017277,-0.156424,-2.591270
0.006303,0.086842,5286.785156,3.279030,0.091750,1.087870,3.279030,0.128737,0.135050,0.001500,-0.100244,-0.550689
0.017398,0.015953,13.262217,0.536351,0.025781,0.203077,0.536351,0.009259,0.009903,0.002663,-0.005129,-0.177810
cuboid > 35
0.000284,0.002383,28166.855469,0.801324,0.017441,0.239023,0.801324,0.033181,0.033894,0.000055,-0.031591,0.000000
0.001451,0.020930,12062.852539,1.506104,0.039748,0.487842,1.506104,0.064051,0.066372,0.000417,-0.054667,0.000000
0.013882,0.009259,10.114620,0.384293,0.021087,0.151624,0.384293,0.007665,0.008185,0.002110,-0.004451,-0.232737
0.007631,0.074079,5387.374512,3.471339,0.100551,1.171373,3.471339,0.134787,0.142055,0.002391,-0.097553,-0.072233
0.104131,0.273566,1391.845093,11.658092,0.350513,3.927104,11.658092,0.263182,0.284526,0.022689,-0.156329,-2.098498
