cuboid > 1
0.000700,0.001935,10828.665039,0.878337,0.024688,0.288541,0.878337,0.040266,0.040666,0.000091,-0.039574,0.000000
0.025158,0.003503,19.791502,0.568496,0.034393,0.238326,0.568496,0.008802,0.008899,0.003184,-0.007866,-0.060910
0.000240,0.000569,28875.728516,0.739669,0.015340,0.214764,0.739669,0.028178,0.028348,0.000030,-0.028178,0.000000
0.004216,0.017431,5116.956055,2.169474,0.057055,0.676067,2.169474,0.070970,0.071486,0.000597,-0.067538,-0.074393
0.029487,0.075399,1919.545166,5.075461,0.139049,1.607903,5.075461,0.111801,0.112913,0.003831,-0.103881,-0.586589
cuboid > 2
0.000950,0.007830,11953.910156,1.218461,0.029308,0.375315,1.218461,0.046180,0.046626,0.000124,-0.045193,-0.015114
0.043874,0.005929,33.201336,1.026846,0.055148,0.412329,1.026846,0.012396,0.012612,0.005546,-0.010782,-0.088581
0.004295,0.022362,5400.992188,2.427831,0.059183,0.750732,2.427831,0.074383,0.075461,0.000566,-0.071418,-0.127276
0.000238,0.001461,28377.166016,0.733873,0.015260,0.215503,0.733873,0.028837,0.029273,0.000031,-0.028728,0.000000
0.034535,0.038227,1957.026978,5.981044,0.162761,1.925862,5.981044,0.130141,0.132755,0.005037,-0.116623,-0.388656
cuboid > 3
0.004128,0.026937,5438.523438,2.320783,0.062405,0.753938,2.320783,0.084163,0.086461,0.000694,-0.075573,-0.131734
0.000328,0.014862,27527.701172,0.881989,0.019066,0.276954,0.881989,0.040566,0.042756,0.000075,-0.037473,0.000000
0.061004,0.015616,74.039856,1.500278,0.093985,0.637910,1.500278,0.034426,0.035389,0.008215,-0.027801,-0.124463
0.023259,0.064045,2074.555908,4.569391,0.136348,1.529453,4.569391,0.129917,0.133668,0.003919,-0.108856,-0.307885
0.000698,0.008947,11342.971680,0.839517,0.025435,0.290115,0.839517,0.043887,0.044849,0.000126,-0.041373,0.000000
cuboid > 4
0.053653,0.010105,59.177406,1.139112,0.088979,0.499966,1.139112,0.040222,0.041159,0.007366,-0.031310,-0.203449
0.000837,0.011502,11698.748047,1.011830,0.031014,0.353780,1.011830,0.053356,0.054478,0.000165,-0.047924,-0.041489
0.026147,0.038997,2117.332031,4.704069,0.150337,1.627468,4.704069,0.136645,0.139377,0.004577,-0.111398,-0.352515
0.003518,0.028291,5622.156738,1.988272,0.063783,0.700846,1.988272,0.090864,0.093186,0.000675,-0.078257,-0.101840
0.000296,0.010289,25683.146484,0.759045,0.018287,0.241241,0.759045,0.035786,0.036656,0.000051,-0.033904,0.000000
cuboid > 5
0.000927,0.015945,12087.079102,1.118044,0.029971,0.361084,1.118044,0.050194,0.051317,0.000157,-0.046795,-0.042450
0.041119,0.005931,48.485455,1.001769,0.065885,0.420036,1.001769,0.026250,0.026885,0.005361,-0.022372,-0.069370
0.003771,0.051415,5609.095703,2.100283,0.063798,0.712558,2.100283,0.092320,0.095566,0.000732,-0.079500,-0.248833
0.000263,0.002828,26613.531250,0.714849,0.016296,0.219877,0.714849,0.031220,0.031838,0.000039,-0.030551,0.000000
0.019992,0.074314,2010.573120,3.743766,0.133158,1.353245,3.743766,0.140302,0.145682,0.003403,-0.115217,-0.348358
cuboid > 6
0.000266,0.008158,28248.644531,0.789895,0.016515,0.234696,0.789895,0.032090,0.032730,0.000038,-0.031455,0.000000
0.001034,0.013760,11202.647461,1.255806,0.031267,0.393760,1.255806,0.049822,0.050629,0.000149,-0.047767,-0.037645
0.005095,0.035751,5157.996582,2.625201,0.064549,0.812915,2.625201,0.079138,0.080369,0.000727,-0.073829,-0.188118
0.026862,0.003768,34.856205,0.721383,0.041961,0.295447,0.721383,0.013523,0.013690,0.003373,-0.012583,-0.053337
0.030512,0.054179,1863.949463,5.244583,0.151623,1.736799,5.244583,0.125204,0.127742,0.004384,-0.112622,-0.265403
cuboid > 7
0.001004,0.000380,10730.186523,1.165057,0.029181,0.362670,1.165057,0.044149,0.044262,0.000125,-0.043878,0.000000
0.003341,0.026028,5499.753418,1.960574,0.050310,0.607871,1.960574,0.064552,0.065081,0.000443,-0.061611,-0.185023
0.000251,0.000863,27036.437500,0.733361,0.015625,0.216450,0.733361,0.028698,0.028956,0.000032,-0.028698,0.000000
0.012849,0.001284,13.007745,0.318161,0.018877,0.130582,0.318161,0.005082,0.005119,0.001590,-0.004891,-0.003918
0.023940,0.041599,1936.541260,4.371475,0.123231,1.416077,4.371475,0.102631,0.103686,0.003215,-0.096626,-0.299874
cuboid > 8
0.000241,0.002645,27050.843750,0.715758,0.015272,0.213460,0.715758,0.028973,0.029368,0.000030,-0.028973,0.000000
0.000982,0.001633,11317.534180,1.185082,0.031380,0.370969,1.185082,0.049447,0.049768,0.000145,-0.047103,0.000000
0.042961,0.101062,1731.434204,6.197596,0.187011,2.016468,6.197596,0.147965,0.150932,0.007907,-0.114557,-1.116876
0.005204,0.044382,4953.033203,2.579543,0.070829,0.810559,2.579543,0.089068,0.090361,0.000846,-0.078701,-0.407601
0.059157,0.010867,19.102409,0.991936,0.055195,0.401442,0.991936,0.007113,0.007402,0.007956,-0.003116,-0.168833
cuboid > 9
0.000265,0.005579,27665.906250,0.799005,0.016581,0.239266,0.799005,0.032738,0.033717,0.000040,-0.032092,0.000000
0.000907,0.013581,12210.941406,1.190049,0.028891,0.371554,1.190049,0.046853,0.047613,0.000125,-0.045349,-0.043662
0.104703,0.011714,42.920673,1.820047,0.094760,0.722925,1.820047,0.011738,0.012253,0.014006,-0.005748,-0.220837
0.004612,0.045940,5494.807129,2.705276,0.066857,0.851364,2.705276,0.088040,0.090479,0.000669,-0.081240,-0.189413
0.029303,0.073175,1957.644775,5.274019,0.161597,1.796413,5.274019,0.140957,0.144277,0.004824,-0.120247,-0.548727
cuboid > 10
0.003961,0.028985,5536.900391,2.163476,0.062665,0.727178,2.163476,0.085171,0.087103,0.000762,-0.073909,-0.118408
0.000247,0.003796,26197.984375,0.689967,0.015723,0.214044,0.689967,0.030636,0.031336,0.000035,-0.030136,0.000000
0.000693,0.007843,11964.032227,0.858091,0.025097,0.289596,0.858091,0.041790,0.042241,0.000107,-0.039882,-0.025265
0.147024,0.020647,105.928246,2.652176,0.172502,1.143590,2.652176,0.055644,0.057814,0.020945,-0.036512,-0.272417
0.025126,0.044182,1945.996338,4.568244,0.146396,1.593939,4.568244,0.136628,0.140266,0.004303,-0.113178,-0.274688
cuboid > 11
0.000957,0.017753,12317.225586,1.148023,0.033747,0.390344,1.148023,0.057256,0.058648,0.000193,-0.050883,-0.088580
0.004603,0.047943,5698.843750,2.558236,0.078336,0.894317,2.558236,0.110441,0.114244,0.001003,-0.091083,-0.356296
0.132278,0.015533,92.859291,2.233553,0.172381,0.987413,2.233553,0.071646,0.074056,0.019222,-0.047836,-0.221845
0.031373,0.066485,2105.468262,5.736935,0.189218,2.045665,5.736935,0.177583,0.183114,0.006580,-0.130406,-0.530584
0.000299,0.004280,24848.371094,0.732213,0.018390,0.239103,0.732213,0.036047,0.037055,0.000054,-0.034019,0.000000
cuboid > 12
0.000757,0.014441,12143.434570,0.961097,0.027292,0.322506,0.961097,0.045979,0.046745,0.000113,-0.043611,-0.054030
0.026574,0.058490,1972.314941,4.769461,0.173542,1.780215,4.769461,0.175468,0.182679,0.005250,-0.132964,-0.481095
0.003321,0.036057,5711.852051,1.919149,0.058674,0.663536,1.919149,0.083676,0.085947,0.000590,-0.074139,-0.265617
0.000261,0.002363,24671.181641,0.694419,0.016414,0.218427,0.694419,0.031379,0.031982,0.000036,-0.030922,0.000000
0.094384,0.015807,87.062035,1.982399,0.133424,0.845542,1.982399,0.057687,0.059874,0.013257,-0.040954,-0.106177
cuboid > 13
0.000247,0.002251,27522.041016,0.746072,0.015745,0.220676,0.746072,0.029640,0.030016,0.000032,-0.029491,0.000000
0.000933,0.008006,11507.643555,1.185190,0.029402,0.374097,1.185190,0.047644,0.048565,0.000129,-0.046247,-0.015903
0.003342,0.017209,5421.334961,1.953408,0.053245,0.638045,1.953408,0.071682,0.073499,0.000495,-0.067467,-0.032583
0.061314,0.006642,61.251400,1.396091,0.082401,0.584153,1.396091,0.023326,0.023748,0.008227,-0.019269,-0.108984
0.027675,0.036951,1950.528931,4.895985,0.146931,1.657287,4.895985,0.125794,0.128379,0.004194,-0.111442,-0.209352
cuboid > 14
0.000243,0.001756,28467.544922,0.745699,0.015537,0.220799,0.745699,0.029603,0.030127,0.000031,-0.029603,0.000000
0.000951,0.014028,11138.795898,1.196757,0.030516,0.383293,1.196757,0.051333,0.052704,0.000140,-0.048795,-0.024256
0.026313,0.067830,1932.300659,4.499569,0.138475,1.506548,4.499569,0.118846,0.120284,0.004469,-0.101263,-0.544454
0.003793,0.045434,5457.123535,2.265002,0.060516,0.733558,2.265002,0.083607,0.085982,0.000611,-0.075059,-0.179752
0.031010,0.003588,17.625999,0.582598,0.035025,0.244257,0.582598,0.006387,0.006536,0.004158,-0.004498,-0.046299
cuboid > 15
0.000244,0.000000,27490.423828,0.734263,0.015625,0.213933,0.734263,0.028178,0.028178,0.000030,-0.028178,0.000000
0.000814,0.011828,10969.086914,1.011761,0.027616,0.324716,1.011761,0.044721,0.045113,0.000110,-0.042963,-0.109447
0.050410,0.113212,1811.855591,7.293292,0.203183,2.366883,7.293292,0.153892,0.158955,0.010425,-0.112920,-0.913171
0.005489,0.024939,5108.003418,2.652014,0.072398,0.843892,2.652014,0.090085,0.091596,0.001024,-0.078433,-0.112563
0.103191,0.023092,17.293036,1.450808,0.073694,0.563633,1.450808,0.003105,0.003860,0.014421,0.004668,-0.370459
cuboid > 16
0.000258,0.002698,28490.226562,0.778251,0.016342,0.231942,0.778251,0.031512,0.032184,0.000039,-0.030831,0.000000
0.000942,0.010296,12304.877930,1.206079,0.029202,0.374038,1.206079,0.046217,0.046734,0.000128,-0.044921,-0.041003
0.034497,0.072315,2006.610229,6.084994,0.177143,2.031451,6.084994,0.150351,0.154059,0.005810,-0.125177,-0.496797
0.004977,0.011553,5675.095703,2.936325,0.071681,0.924692,2.936325,0.092902,0.095458,0.000854,-0.083289,-0.018815
0.177228,0.022235,28.775221,2.220523,0.111247,0.849297,2.220523,-0.000952,0.000005,0.024903,0.012167,-0.495210
cuboid > 17
0.003626,0.022616,5796.922852,2.096438,0.059835,0.703121,2.096438,0.081272,0.083001,0.000653,-0.073215,-0.067489
0.000775,0.003515,12408.625977,0.988773,0.026513,0.321964,0.988773,0.043311,0.043849,0.000106,-0.042236,0.000000
0.234251,0.029682,64.623001,2.966934,0.165121,1.198815,2.966934,0.014805,0.016496,0.032896,0.001884,-0.769873
0.000244,0.001921,25809.871094,0.675414,0.015583,0.207942,0.675414,0.029153,0.029462,0.000032,-0.028910,0.000000
0.025144,0.054353,2080.411377,4.828148,0.154932,1.701480,4.828148,0.149264,0.154482,0.004681,-0.119851,-0.291039
cuboid > 18
0.001216,0.014260,10556.336914,1.219396,0.036333,0.422437,1.219396,0.058699,0.059868,0.000199,-0.054288,-0.041784
4.695714,1.474674,22.864023,9.583731,2.228275,2.782866,9.583731,-0.528455,-0.517804,0.656036,0.804237,-353.196381
0.011572,0.031742,3333.122559,3.387276,0.109264,1.199130,3.387276,0.122122,0.124720,0.002209,-0.102586,-0.211427
0.236818,0.038774,102.480202,3.156240,0.183476,1.291737,3.156240,0.032274,0.034523,0.033684,-0.009871,-0.276867
0.000288,0.007935,25387.787109,0.715918,0.017780,0.234003,0.715918,0.035319,0.036513,0.000050,-0.033607,-0.015971
cuboid > 19
0.211079,0.037108,73.679031,2.915258,0.157790,1.151522,2.915258,0.021766,0.023457,0.029244,-0.006151,-0.399266
0.000858,0.010103,12095.096680,1.077376,0.028814,0.352078,1.077376,0.046703,0.047237,0.000124,-0.044745,-0.045063
0.000259,0.001848,24179.513672,0.683897,0.016471,0.216600,0.683897,0.031162,0.031643,0.000036,-0.030626,0.000000
0.003536,0.026634,5721.163086,2.069234,0.059734,0.698458,2.069234,0.081281,0.083026,0.000581,-0.074000,-0.109294
0.026605,0.057947,2060.632568,4.967710,0.158846,1.747604,4.967710,0.150509,0.155500,0.004892,-0.120896,-0.390407
cuboid > 20
0.003822,0.029674,5476.898926,2.199510,0.057964,0.706259,2.199510,0.077141,0.078761,0.000588,-0.071651,-0.160090
0.028688,0.052744,1968.350830,5.116115,0.153100,1.735825,5.116115,0.133288,0.136968,0.004454,-0.116360,-0.371346
0.147181,0.022561,41.135971,1.964929,0.106319,0.771616,1.964929,0.005562,0.006353,0.020547,0.003746,-0.641076
0.000919,0.013145,11655.288086,1.178463,0.029234,0.370998,1.178463,0.047383,0.048146,0.000126,-0.045947,-0.035461
0.000250,0.004803,28081.281250,0.740714,0.015767,0.223284,0.740714,0.030628,0.031356,0.000035,-0.030266,0.000000
cuboid > 21
0.000244,0.001372,29498.248047,0.729210,0.015625,0.217378,0.729210,0.029415,0.029825,0.000034,-0.029004,0.000000
0.000917,0.010417,11356.040039,1.172009,0.031783,0.385035,1.172009,0.053777,0.054992,0.000143,-0.050511,-0.031069
0.038050,0.179746,1856.938354,6.157257,0.189605,2.054007,6.157257,0.165154,0.169419,0.006948,-0.124296,-1.620428
0.004535,0.002547,5512.710938,2.424402,0.066160,0.778168,2.424402,0.082907,0.083669,0.000745,-0.074742,0.000000
0.076951,0.016092,19.916872,1.180367,0.066656,0.476548,1.180367,0.005861,0.006371,0.010982,0.000455,-0.241956
cuboid > 22
0.002100,0.003289,6654.025391,1.438213,0.042178,0.484283,1.438213,0.059809,0.060795,0.000332,-0.056281,0.000000
0.000229,0.013672,30707.056641,0.720644,0.013281,0.216797,0.720644,0.029354,0.031105,0.000036,-0.029354,0.000000
0.069180,0.174802,1896.258423,9.603825,0.273562,3.157985,9.603825,0.211169,0.224389,0.018021,-0.129032,-1.253299
0.154321,0.035901,17.240013,1.999319,0.095396,0.769609,1.999319,0.002265,0.004231,0.025326,0.018234,-0.644465
0.000609,0.015240,17337.289062,1.208915,0.026539,0.372383,1.208915,0.049057,0.050297,0.000095,-0.046509,0.000000
cuboid > 23
0.000652,0.001379,15948.978516,1.057291,0.024427,0.319638,1.057291,0.039311,0.039704,0.000082,-0.039311,0.000000
0.003056,0.034023,6912.121582,2.120956,0.051233,0.655351,2.120956,0.067749,0.068599,0.000388,-0.065930,-0.139168
0.036640,0.079680,2296.441162,6.201324,0.184706,2.081303,6.201324,0.156910,0.162568,0.010110,-0.110673,-0.530786
0.000244,0.000000,28662.828125,0.765571,0.015625,0.218749,0.765571,0.028178,0.028178,0.000030,-0.028178,0.000000
0.226162,0.045852,22.815228,2.652571,0.127504,1.007330,2.652571,-0.004368,-0.001988,0.035996,0.028796,-0.953559
cuboid > 24
0.000271,0.015367,26048.992188,0.703158,0.015711,0.228957,0.703158,0.033782,0.035486,0.000044,-0.033077,0.000000
0.000746,0.040664,13626.078125,1.093369,0.028548,0.368401,1.093369,0.055209,0.058004,0.000113,-0.051980,-0.049031
0.038940,0.122419,2099.431152,6.695958,0.199308,2.286215,6.695958,0.181941,0.190506,0.008145,-0.139133,-0.320588
0.003336,0.034743,6644.276367,2.220257,0.061943,0.743185,2.220257,0.091637,0.095695,0.000589,-0.081637,-0.093748
0.233331,0.057113,30.288576,2.951127,0.144924,1.138082,2.951127,0.002043,0.004811,0.039354,0.028938,-1.281477
cuboid > 25
0.000668,0.035585,13812.304688,0.981773,0.025973,0.326582,0.981773,0.047337,0.048754,0.000104,-0.044991,-0.034422
0.285711,0.054043,33.123909,3.328866,0.164710,1.283237,3.328866,-0.002444,0.000493,0.045872,0.033601,-0.741375
0.002743,0.052045,6939.573242,1.996274,0.055428,0.663610,1.996274,0.082873,0.085688,0.000482,-0.074444,-0.149655
0.000250,0.010031,27535.812500,0.689931,0.015622,0.218465,0.689931,0.031983,0.033137,0.000038,-0.031323,0.000000
0.039053,0.071617,2076.152588,6.676001,0.206321,2.314753,6.676001,0.189130,0.199142,0.009435,-0.131106,-0.309363
cuboid > 26
0.000991,0.016867,12347.068359,1.266348,0.031613,0.399973,1.266348,0.051218,0.052017,0.000152,-0.048226,-0.153085
0.040586,0.105965,1991.651611,6.914762,0.187518,2.225226,6.914762,0.156355,0.162000,0.007280,-0.122075,-0.940984
0.004294,0.049026,5931.940918,2.636617,0.068681,0.849700,2.636617,0.093323,0.095739,0.000733,-0.082163,-0.300707
0.000253,0.004436,25255.427734,0.690549,0.016046,0.220005,0.690549,0.031978,0.032905,0.000037,-0.031380,0.000000
0.289420,0.059845,27.697502,3.352174,0.164732,1.298889,3.352174,-0.004680,-0.001810,0.045974,0.035803,-0.909091
cuboid > 27
0.000257,0.005073,27108.865234,0.726436,0.015995,0.228207,0.726436,0.032904,0.034306,0.000043,-0.031931,0.000000
0.001068,0.012504,11662.353516,1.312548,0.033027,0.418466,1.312548,0.054725,0.056033,0.000175,-0.051130,0.000000
0.057189,0.224045,1843.861694,8.685903,0.244871,2.808954,8.685903,0.199043,0.206584,0.011791,-0.134688,-1.948319
0.004120,0.011709,5566.875000,2.377042,0.058636,0.735398,2.377042,0.074663,0.076000,0.000566,-0.071458,-0.032442
0.270798,0.046550,19.814377,2.813299,0.147283,1.106521,2.813299,-0.008490,-0.006216,0.041736,0.034713,-0.989687
cuboid > 28
0.000258,0.001786,28250.628906,0.766457,0.016518,0.220536,0.766457,0.031399,0.031931,0.000032,-0.031399,0.000000
0.001104,0.031627,11629.115234,1.363832,0.036062,0.429844,1.363832,0.060275,0.061626,0.000178,-0.054659,-0.512196
0.152313,0.247719,1253.888916,14.611609,0.435131,4.858718,14.611609,0.281493,0.298178,0.037152,-0.136730,-3.629476
0.008812,0.055142,4793.074219,3.758740,0.106452,1.208954,3.758740,0.135585,0.140363,0.002071,-0.107749,-0.071724
0.172162,0.037668,15.812989,2.092689,0.121809,0.869533,2.092689,0.003456,0.005487,0.027954,0.019744,-0.587848
cuboid > 29
0.000244,0.000000,27141.509766,0.724948,0.015625,0.212500,0.724948,0.028178,0.028178,0.000030,-0.028178,0.000000
0.000958,0.020696,11475.471680,1.196625,0.029676,0.382842,1.196625,0.050930,0.052359,0.000133,-0.048460,0.000000
0.052401,0.019346,13.607986,1.086361,0.047894,0.406686,1.086361,0.007957,0.009184,0.007971,-0.000656,-0.242752
0.006548,0.040474,5126.657715,3.153606,0.076830,0.978732,3.153606,0.095183,0.098173,0.001098,-0.085533,-0.178045
0.088766,0.162210,1554.076782,11.446449,0.301902,3.650907,11.446449,0.215472,0.228405,0.016808,-0.148261,-0.817600
cuboid > 30
0.000961,0.048828,11507.921875,1.199492,0.029805,0.366211,1.199492,0.048083,0.048665,0.000133,-0.044746,-0.223084
0.097706,0.260116,1554.921265,12.257229,0.341844,4.031312,12.257229,0.251345,0.270390,0.022551,-0.149314,-0.738876
0.006181,0.090557,5108.388184,3.273657,0.077678,0.997966,3.273657,0.097768,0.101466,0.000898,-0.089080,-0.373578
0.069575,0.027783,14.480604,1.361761,0.061200,0.511035,1.361761,0.007139,0.008384,0.010318,0.001719,-0.288492
0.000244,0.000000,27902.193359,0.745260,0.015625,0.215625,0.745260,0.028178,0.028178,0.000030,-0.028178,0.000000
cuboid > 31
0.005741,0.110153,5169.996582,2.961785,0.074443,0.924858,2.961785,0.096496,0.099043,0.000836,-0.087944,-0.649571
0.000837,0.026619,12079.921875,1.031205,0.026500,0.329240,1.031205,0.044065,0.044752,0.000108,-0.042958,-0.041803
0.072276,0.022328,14.764324,1.343965,0.063602,0.514361,1.343965,0.007755,0.009032,0.010988,0.001956,-0.243164
0.127862,0.191512,1370.063599,13.636464,0.377242,4.466459,13.636464,0.242574,0.261759,0.027192,-0.145131,-0.730444
0.000244,0.000873,24977.929688,0.652463,0.015625,0.201281,0.652463,0.028966,0.029226,0.000030,-0.028966,0.000000
cuboid > 32
0.000242,0.000807,23339.074219,0.613405,0.015491,0.196910,0.613405,0.028663,0.028904,0.000030,-0.028663,0.000000
0.000743,0.007002,12613.267578,0.932668,0.025285,0.305276,0.932668,0.040722,0.041010,0.000094,-0.040380,0.000000
0.086790,0.022655,21.490429,1.586878,0.076287,0.609327,1.586878,0.009505,0.010838,0.013225,0.001458,-0.135815
0.003435,0.065997,5751.406738,2.079317,0.058182,0.691618,2.079317,0.082687,0.085359,0.000518,-0.075129,-0.242671
0.055019,0.171720,1864.922241,8.836603,0.228269,2.836174,8.836603,0.182362,0.194452,0.010029,-0.140201,-0.389998
cuboid > 33
0.000246,0.001092,23157.187500,0.620308,0.015680,0.196360,0.620308,0.028671,0.028752,0.000030,-0.028671,0.000000
0.000784,0.000000,12375.020508,0.974841,0.026083,0.315790,0.974841,0.040409,0.040409,0.000096,-0.040409,0.000000
0.087000,0.021138,22.804712,1.715821,0.081616,0.666201,1.715821,0.011966,0.013635,0.012944,-0.000480,-0.206366
0.003587,0.005219,5643.095703,2.072839,0.055052,0.670318,2.072839,0.070259,0.071313,0.000464,-0.068784,0.000000
0.068623,0.138800,1772.984253,9.795807,0.251323,3.087763,9.795807,0.182425,0.193388,0.012466,-0.135223,-0.789447
cuboid > 34
0.001430,0.001605,11806.568359,1.743169,0.037468,0.510808,1.743169,0.054510,0.054701,0.000195,-0.053159,0.000000
0.000252,0.000000,28435.363281,0.776800,0.016113,0.223632,0.776800,0.029059,0.029059,0.000033,-0.028766,0.000000
0.076748,0.173164,1618.701904,10.750758,0.285992,3.451369,10.750758,0.213220,0.226255,0.014987,-0.147008,-0.937547
0.006442,0.054894,5325.702637,3.453037,0.077308,1.034166,3.453037,0.094200,0.096551,0.000867,-0.088525,-0.166687
0.093101,0.016954,19.479101,1.656146,0.084997,0.657742,1.656146,0.010392,0.011913,0.013926,0.001515,-0.269612
cuboid > 35
0.000244,0.000000,27206.242188,0.726676,0.015625,0.212766,0.726676,0.028178,0.028178,0.000030,-0.028178,0.000000
0.001134,0.033190,12345.934570,1.457412,0.033701,0.441118,1.457412,0.053915,0.054807,0.000162,-0.050242,-0.123072
0.079559,0.022758,17.928833,1.379008,0.082659,0.584232,1.379008,0.014283,0.015819,0.012404,-0.001359,-0.280493
0.007670,0.042302,5038.398438,3.717196,0.090682,1.145352,3.717196,0.108498,0.111094,0.001403,-0.092939,-0.125827
0.117349,0.239222,1424.473999,13.279800,0.375411,4.414807,13.279800,0.257847,0.278734,0.027413,-0.145442,-0.797028
