cuboid > 1
0.001563,0.001469,10085.478516,1.519213,0.036760,0.466941,1.519213,0.053257,0.053696,0.000204,-0.052017,0.000000
0.096721,0.006326,12.584552,1.351657,0.072778,0.537105,1.351657,0.000351,0.000605,0.012353,0.001921,-0.066431
0.000229,0.009632,27082.251953,0.666582,0.014277,0.202483,0.666582,0.028178,0.028753,0.000030,-0.028178,0.000000
0.006851,0.006263,3951.892090,2.593127,0.069304,0.820876,2.593127,0.076765,0.077314,0.000866,-0.074841,-0.111996
0.105381,0.071807,1116.187988,10.113997,0.267691,3.201409,10.113997,0.140953,0.144086,0.014334,-0.124235,-0.305229
cuboid > 2
0.001140,0.011249,12125.759766,1.500008,0.032881,0.445375,1.500008,0.050520,0.051045,0.000145,-0.049741,-0.042250
0.109433,0.003258,26.176304,1.631780,0.083647,0.639053,1.631780,0.002661,0.002927,0.013750,-0.000644,-0.046193
0.006649,0.022983,5069.226074,3.377275,0.077186,1.010897,3.377275,0.087868,0.088615,0.000866,-0.084779,-0.115705
0.000244,0.000675,27672.878906,0.738683,0.015645,0.216922,0.738683,0.028822,0.029024,0.000030,-0.028822,0.000000
0.046793,0.040130,1759.602417,7.120305,0.188761,2.287187,7.120305,0.132447,0.134587,0.006013,-0.125629,-0.173663
cuboid > 3
0.004960,0.025382,5150.667969,2.588345,0.064698,0.815993,2.588345,0.080988,0.083071,0.000733,-0.075488,-0.100197
0.000255,0.004532,27562.130859,0.752814,0.015823,0.223850,0.752814,0.030392,0.030899,0.000033,-0.030190,0.000000
0.143242,0.009051,61.449493,2.262782,0.132856,0.934315,2.262782,0.021207,0.021875,0.018168,-0.016995,-0.097433
0.035744,0.037830,1819.805664,5.539863,0.156863,1.815141,5.539863,0.121206,0.123295,0.004917,-0.110874,-0.176134
0.000919,0.005054,11096.958008,1.127736,0.028551,0.357259,1.127736,0.045727,0.046333,0.000126,-0.044539,0.000000
cuboid > 4
0.128541,0.017889,67.128342,2.071260,0.139496,0.864449,2.071260,0.040247,0.041638,0.016711,-0.029935,-0.122750
0.001264,0.032509,11619.536133,1.502161,0.037921,0.484724,1.502161,0.063847,0.066077,0.000236,-0.057744,-0.129743
0.029425,0.127416,2183.776123,6.045993,0.173396,1.991636,6.045993,0.166248,0.172295,0.005193,-0.131538,-0.816957
0.005097,0.097191,5519.308105,2.854129,0.078959,0.934274,2.854129,0.109433,0.113225,0.001064,-0.089743,-0.654571
0.000274,0.008273,26678.849609,0.739205,0.016822,0.229413,0.739205,0.032748,0.033552,0.000042,-0.031726,-0.018433
cuboid > 5
0.001222,0.033686,11436.452148,1.435202,0.035918,0.455517,1.435202,0.059397,0.061156,0.000221,-0.054222,-0.189660
0.128550,0.017314,59.359718,2.073851,0.139012,0.867934,2.073851,0.038603,0.040252,0.016951,-0.028038,-0.116449
0.005711,0.077344,5432.127930,3.066666,0.080999,0.992328,3.066666,0.109917,0.114186,0.001159,-0.091753,-0.358914
0.000289,0.009767,25267.103516,0.746223,0.017446,0.232482,0.746223,0.033393,0.034120,0.000045,-0.032247,-0.027851
0.034908,0.145491,1946.238159,6.249733,0.183751,2.070178,6.249733,0.167722,0.174396,0.005944,-0.132516,-1.012472
cuboid > 6
0.000241,0.000434,28057.359375,0.733811,0.015408,0.213687,0.733811,0.028178,0.028308,0.000030,-0.028178,0.000000
0.001158,0.003146,11406.545898,1.418941,0.032782,0.431186,1.418941,0.050234,0.050795,0.000149,-0.049489,0.000000
0.005202,0.009776,5215.419434,2.749687,0.065091,0.839835,2.749687,0.077531,0.078446,0.000682,-0.075363,-0.013212
0.117626,0.013362,54.507587,1.925568,0.113783,0.796824,1.925568,0.017082,0.017455,0.015002,-0.014361,-0.133700
0.032650,0.025211,1873.262451,5.641376,0.151271,1.800570,5.641376,0.114689,0.115552,0.004183,-0.110255,-0.091246
cuboid > 7
0.000859,0.012267,11659.940430,1.125311,0.027070,0.346695,1.125311,0.042954,0.043325,0.000107,-0.042807,0.000000
0.004345,0.018555,5366.702148,2.282249,0.055494,0.704036,2.282249,0.068537,0.069707,0.000600,-0.065777,-0.076308
0.000248,0.001168,28481.353516,0.764286,0.015788,0.221318,0.764286,0.029021,0.029160,0.000031,-0.028881,0.000000
0.070771,0.002729,14.270915,1.131891,0.054240,0.426290,1.131891,-0.000305,-0.000178,0.008988,0.001536,-0.079089
0.043305,0.030496,1774.506470,6.482440,0.170934,2.054644,6.482440,0.121325,0.122673,0.005523,-0.115661,-0.101503
cuboid > 8
0.000209,0.004536,28262.939453,0.636293,0.013357,0.196068,0.636293,0.028178,0.029531,0.000030,-0.028178,0.000000
0.000979,0.006499,10797.597656,1.160695,0.030061,0.373013,1.160695,0.049233,0.050360,0.000138,-0.047323,0.000000
0.046730,0.190516,1768.845947,6.736554,0.209169,2.283700,6.736554,0.171659,0.177021,0.009252,-0.124536,-1.623714
0.004931,0.031879,4975.686035,2.450086,0.070829,0.817923,2.450086,0.094482,0.097026,0.000847,-0.082373,-0.055607
0.226815,0.025419,17.912096,2.559596,0.121337,0.973121,2.559596,-0.012294,-0.011253,0.031018,0.023823,-0.409410
cuboid > 9
0.000258,0.001607,28333.998047,0.783737,0.016300,0.228962,0.783737,0.030400,0.030736,0.000035,-0.030015,0.000000
0.001149,0.017068,12161.740234,1.485759,0.032477,0.440017,1.485759,0.049689,0.050152,0.000145,-0.048917,-0.037310
0.266712,0.027194,28.087198,2.952016,0.144069,1.142027,2.952016,-0.013483,-0.012424,0.035980,0.024686,-0.370446
0.005550,0.022332,5157.471680,2.835622,0.070603,0.876850,2.835622,0.083635,0.084504,0.000802,-0.078831,-0.183872
0.042352,0.049135,1625.414307,5.872631,0.186166,2.035021,5.872631,0.138421,0.140262,0.005926,-0.124949,-0.482676
cuboid > 10
0.004549,0.038984,5094.086914,2.371289,0.061430,0.747167,2.371289,0.075821,0.076537,0.000612,-0.071956,-0.202051
0.000253,0.013401,27623.365234,0.743005,0.015773,0.223782,0.743005,0.031740,0.032578,0.000035,-0.031267,0.000000
0.000827,0.007541,11204.113281,1.002731,0.026850,0.322232,1.002731,0.042966,0.043343,0.000115,-0.041625,-0.031305
0.328314,0.032256,78.653214,3.941751,0.235436,1.647220,3.941751,0.023645,0.025892,0.044563,-0.003794,-0.464190
0.031814,0.079172,1881.954346,5.265107,0.160258,1.787375,5.265107,0.135679,0.138850,0.005181,-0.115987,-0.525487
cuboid > 11
0.001159,0.051749,11804.824219,1.419926,0.036715,0.460125,1.419926,0.062917,0.064815,0.000221,-0.055614,-0.275290
0.005335,0.076104,5394.383301,2.892690,0.081933,0.962772,2.892690,0.111760,0.115195,0.001152,-0.090731,-0.521995
0.333148,0.049246,76.954468,3.924484,0.258925,1.640072,3.924484,0.046950,0.050167,0.046262,-0.018012,-0.532560
0.033666,0.096348,2092.031738,6.409128,0.190390,2.167195,6.409128,0.175037,0.180945,0.006268,-0.135168,-1.125722
0.000269,0.002859,27190.072266,0.741807,0.016895,0.229638,0.741807,0.032574,0.033302,0.000042,-0.031589,0.000000
cuboid > 12
0.001091,0.020159,12023.901367,1.376616,0.033643,0.432094,1.376616,0.054713,0.055885,0.000174,-0.051041,-0.072798
0.034863,0.099864,2056.009277,6.571048,0.195563,2.227931,6.571048,0.181183,0.187750,0.006636,-0.138088,-0.874890
0.005119,0.066385,5614.399414,2.898849,0.078096,0.943848,2.898849,0.107865,0.111506,0.001028,-0.089586,-0.464912
0.000265,0.012055,26068.634766,0.724746,0.016612,0.223405,0.724746,0.031650,0.032182,0.000040,-0.030423,-0.064722
0.358842,0.049408,77.479782,4.461527,0.284150,1.871735,4.461527,0.046686,0.050609,0.050321,-0.014341,-0.701158
cuboid > 13
0.000241,0.000556,28142.037109,0.736348,0.015451,0.214779,0.736348,0.028345,0.028503,0.000030,-0.028345,0.000000
0.001148,0.015150,11715.545898,1.424368,0.032343,0.426600,1.424368,0.049163,0.049502,0.000149,-0.048028,-0.045104
0.004709,0.019785,5487.474121,2.712357,0.063054,0.817147,2.712357,0.076094,0.076750,0.000617,-0.073386,-0.114569
0.335222,0.039620,76.639801,4.359316,0.244140,1.795707,4.359316,0.011825,0.013363,0.045296,0.003051,-0.339045
0.033835,0.048827,1938.356812,6.043573,0.159416,1.910211,6.043573,0.122168,0.123334,0.004595,-0.113775,-0.275371
cuboid > 14
0.000244,0.003520,28141.296875,0.739929,0.015426,0.216760,0.739929,0.028916,0.029154,0.000031,-0.028863,0.000000
0.000841,0.006578,11936.725586,1.101627,0.027539,0.345170,1.101627,0.044650,0.045321,0.000109,-0.043826,0.000000
0.031650,0.013656,1975.385986,5.136781,0.155938,1.731438,5.136781,0.125058,0.126421,0.004766,-0.111976,-0.167242
0.002897,0.009126,5356.825684,1.618737,0.045022,0.523599,1.618737,0.059926,0.060700,0.000396,-0.058191,-0.225885
0.218606,0.025860,19.179054,2.537022,0.118881,0.957538,2.537022,-0.014954,-0.014132,0.029859,0.024523,-0.333638
cuboid > 15
0.000244,0.000000,28662.906250,0.765573,0.015625,0.218750,0.765573,0.028178,0.028178,0.000030,-0.028178,0.000000
0.001191,0.000618,10195.926758,1.108400,0.030679,0.357020,1.108400,0.045839,0.046023,0.000161,-0.044524,0.000000
0.173562,0.241189,986.466064,13.582194,0.397872,4.408468,13.582194,0.206562,0.214911,0.035876,-0.112919,-3.533767
0.006129,0.055724,3666.498047,2.269975,0.070841,0.766822,2.269975,0.086324,0.087898,0.000876,-0.079268,-0.217281
0.201185,0.034006,11.829289,2.257924,0.106960,0.853510,2.257924,-0.010569,-0.009428,0.029168,0.023814,-0.467953
cuboid > 16
0.000244,0.002059,28035.414062,0.745190,0.015537,0.217017,0.745190,0.029239,0.029590,0.000031,-0.029239,0.000000
0.001168,0.015835,11885.378906,1.455481,0.033404,0.436886,1.455481,0.051329,0.051798,0.000156,-0.049838,-0.030798
0.035216,0.119693,1886.067383,5.848167,0.184038,1.991750,5.848167,0.155400,0.158979,0.005960,-0.127138,-0.878093
0.005200,0.017838,5558.871582,2.928190,0.072322,0.901639,2.928190,0.090236,0.092052,0.000816,-0.083431,-0.027437
0.230256,0.044637,25.375307,2.659578,0.127583,1.015396,2.659578,-0.008193,-0.006813,0.033297,0.024245,-0.479945
cuboid > 17
0.003150,0.014539,5420.597656,1.778693,0.053515,0.595014,1.778693,0.071882,0.072742,0.000467,-0.067092,-0.082451
0.000935,0.005919,11115.284180,1.085117,0.028757,0.347326,1.085117,0.045501,0.046008,0.000131,-0.044071,-0.029509
0.280797,0.041835,59.179024,3.392452,0.182430,1.351676,3.392452,0.008929,0.010826,0.041346,0.013027,-0.828802
0.000253,0.000762,25935.003906,0.720459,0.016170,0.217742,0.720459,0.029849,0.030076,0.000033,-0.029627,0.000000
0.021970,0.049962,1986.380371,3.818815,0.135556,1.373165,3.818815,0.126770,0.129182,0.003763,-0.106813,-0.889373
cuboid > 18
0.001347,0.012841,10438.279297,1.348634,0.036541,0.442489,1.348634,0.056315,0.057129,0.000208,-0.052994,-0.032419
7.432755,1.390622,51.758633,41.392448,2.921267,12.680805,41.392448,-0.896454,-0.879878,1.281446,1.486302,-380.315552
0.010537,0.027076,3300.288330,3.014560,0.097867,1.057662,3.014560,0.107967,0.109834,0.001810,-0.093373,-0.161848
0.290055,0.051327,86.553734,3.583818,0.200108,1.437676,3.583818,0.020307,0.022518,0.042113,0.005099,-0.506529
0.000276,0.007137,25363.025391,0.724424,0.017166,0.230139,0.724424,0.033350,0.034162,0.000043,-0.032362,0.000000
cuboid > 19
0.349375,0.066992,59.895020,4.276558,0.230123,1.706826,4.276558,0.009537,0.012136,0.051138,0.016641,-0.638752
0.000971,0.010657,11970.316406,1.204865,0.030357,0.382220,1.204865,0.048649,0.049328,0.000141,-0.046775,-0.019040
0.000247,0.002193,25302.039062,0.667947,0.015649,0.207622,0.667947,0.029440,0.029829,0.000032,-0.029269,0.000000
0.003804,0.028076,5777.781250,2.294217,0.061810,0.751459,2.294217,0.082131,0.083655,0.000587,-0.075681,-0.107094
0.026302,0.049252,2098.558838,4.756443,0.149899,1.647564,4.756443,0.137744,0.141480,0.004747,-0.112913,-0.445806
cuboid > 20
0.004233,0.012370,5599.618164,2.504704,0.059877,0.767579,2.504704,0.073988,0.074825,0.000559,-0.071825,-0.045059
0.027383,0.049415,2102.216797,5.007352,0.141008,1.633339,5.007352,0.120071,0.122576,0.004498,-0.105078,-0.337949
0.354705,0.043345,61.982616,4.331684,0.217519,1.700763,4.331684,-0.004849,-0.002990,0.051168,0.026459,-0.746217
0.001075,0.003165,11728.187500,1.326562,0.030839,0.401095,1.326562,0.046739,0.046986,0.000135,-0.046254,-0.006354
0.000245,0.001142,28391.847656,0.735124,0.015475,0.216585,0.735124,0.028829,0.029170,0.000032,-0.028685,0.000000
cuboid > 21
0.000248,0.001555,27081.150391,0.734601,0.015780,0.217984,0.734601,0.029380,0.029645,0.000032,-0.029247,0.000000
0.001025,0.012193,11666.158203,1.279292,0.031567,0.399659,1.279292,0.050813,0.051622,0.000147,-0.048640,-0.026500
0.038509,0.117935,2140.330078,6.585125,0.190449,2.160016,6.585125,0.158873,0.162643,0.007809,-0.121551,-0.891289
0.003586,0.044799,5388.956543,2.004843,0.056092,0.646853,2.004843,0.074102,0.075192,0.000574,-0.068038,-0.856921
0.258400,0.034972,18.921257,2.923386,0.140628,1.114002,2.923386,-0.016564,-0.015247,0.038084,0.034192,-0.728484
cuboid > 22
0.006065,0.027884,5064.284668,2.998632,0.073790,0.918475,2.998632,0.087057,0.088367,0.000885,-0.081267,-0.189165
0.000250,0.000744,26799.185547,0.748827,0.015997,0.220982,0.748827,0.029520,0.029742,0.000031,-0.029520,0.000000
0.088735,0.244009,1683.438721,10.875957,0.324962,3.646804,10.875957,0.247515,0.262913,0.024064,-0.132449,-2.179482
0.105108,0.044587,17.992441,1.865298,0.088353,0.713873,1.865298,0.010288,0.012235,0.018257,0.010155,-0.657111
0.000759,0.013936,11848.345703,1.018242,0.026075,0.324240,1.018242,0.042730,0.043260,0.000099,-0.041550,-0.049561
cuboid > 23
0.000942,0.009615,10596.935547,1.053389,0.028203,0.341026,1.053389,0.046982,0.048131,0.000125,-0.045865,0.000000
0.004950,0.052293,5221.360352,2.627639,0.067392,0.810635,2.627639,0.082891,0.083593,0.000701,-0.076665,-0.268663
0.087699,0.160319,1686.479614,11.099960,0.320125,3.720752,11.099960,0.244214,0.262605,0.024404,-0.128810,-0.703413
0.000221,0.002950,28402.757812,0.681495,0.014150,0.203999,0.681495,0.028178,0.029058,0.000030,-0.028178,0.000000
0.123519,0.038842,20.915283,1.863707,0.095468,0.732167,1.863707,0.008636,0.010506,0.020580,0.011294,-0.677168
cuboid > 24
0.000241,0.001837,27725.304688,0.719582,0.015431,0.216086,0.719582,0.029485,0.030033,0.000034,-0.029097,0.000000
0.000626,0.014624,11595.595703,0.798285,0.023087,0.265837,0.798285,0.038179,0.038426,0.000082,-0.037143,-0.083029
0.047447,0.083631,1832.203979,6.533751,0.206292,2.260786,6.533751,0.172670,0.180300,0.012125,-0.111247,-0.607123
0.003300,0.048997,5713.161621,1.908851,0.056347,0.622765,1.908851,0.079329,0.081100,0.000579,-0.069896,-0.286145
0.158100,0.036157,28.256359,2.396417,0.114541,0.912729,2.396417,0.008479,0.010537,0.026373,0.015107,-0.486322
cuboid > 25
0.000864,0.015388,12139.010742,1.053047,0.029459,0.344023,1.053047,0.049415,0.050261,0.000132,-0.046601,-0.027423
0.159770,0.045597,31.445784,2.578245,0.129431,1.011162,2.578245,0.016003,0.018881,0.028128,0.014766,-0.665254
0.004128,0.035305,5836.057617,2.081132,0.066440,0.727313,2.081132,0.092028,0.094788,0.001253,-0.073834,-0.199859
0.000267,0.003502,25426.832031,0.691810,0.015959,0.218361,0.691810,0.030945,0.031827,0.000040,-0.030601,0.000000
0.048212,0.112921,2005.189697,7.289451,0.228600,2.497876,7.289451,0.200007,0.211444,0.012385,-0.123967,-0.836570
cuboid > 26
0.000971,0.015897,11893.869141,1.239159,0.030803,0.396133,1.239159,0.051286,0.052612,0.000138,-0.049535,-0.055247
0.044374,0.098484,1996.093506,6.862717,0.202830,2.286672,6.862717,0.167000,0.173628,0.011114,-0.114463,-0.758987
0.004386,0.023070,5553.560059,2.397963,0.065493,0.782887,2.397963,0.085166,0.087275,0.000737,-0.078242,-0.073514
0.000251,0.009296,24015.285156,0.652695,0.015157,0.208139,0.652695,0.030045,0.030808,0.000034,-0.029962,0.000000
0.207385,0.053115,29.578669,2.874851,0.142837,1.113447,2.874851,0.005038,0.007591,0.033821,0.023813,-0.779390
cuboid > 27
0.000242,0.001700,26556.191406,0.690098,0.015219,0.208933,0.690098,0.028731,0.029192,0.000032,-0.028637,0.000000
0.000933,0.001576,12121.986328,1.177753,0.028416,0.364802,1.177753,0.044239,0.044610,0.000116,-0.044065,0.000000
0.040469,0.063409,1947.328491,6.499881,0.184984,2.121479,6.499881,0.149102,0.153154,0.008064,-0.117010,-0.641546
0.004824,0.014001,5479.828613,2.645399,0.064089,0.815423,2.645399,0.078342,0.079464,0.000718,-0.073987,-0.060416
0.216271,0.056636,29.398781,3.009814,0.145686,1.157787,3.009814,0.002566,0.005234,0.035954,0.026913,-1.016137
cuboid > 28
0.000226,0.002363,27879.224609,0.682854,0.014443,0.204569,0.682854,0.028178,0.028883,0.000030,-0.028178,0.000000
0.001168,0.091663,11267.016602,1.429909,0.034956,0.440900,1.429909,0.059330,0.060575,0.000190,-0.052028,-0.314961
0.206937,0.276774,1243.037598,18.350174,0.545657,6.164601,18.350174,0.323171,0.345256,0.060086,-0.105989,-3.041129
0.010636,0.110441,4514.936523,4.728295,0.113257,1.456775,4.728295,0.138233,0.143485,0.001934,-0.113946,-1.609296
0.175202,0.043408,15.566306,2.366664,0.124652,0.938432,2.366664,0.002576,0.004860,0.028934,0.022975,-0.967903
cuboid > 29
0.000244,0.000000,25839.085938,0.690171,0.015625,0.207150,0.690171,0.028178,0.028178,0.000030,-0.028178,0.000000
0.000901,0.000000,12695.120117,1.232317,0.028695,0.368908,1.232317,0.043757,0.043757,0.000112,-0.043492,0.000000
0.027390,0.014306,12.952841,0.711555,0.035133,0.278435,0.711555,0.009509,0.010237,0.004068,-0.004724,-0.126038
0.005997,0.087508,5152.721191,3.029071,0.073458,0.936499,3.029071,0.091286,0.093643,0.000955,-0.080792,-1.143539
0.106488,0.274593,1458.304688,12.567583,0.341385,4.059331,12.567583,0.233259,0.247617,0.021810,-0.145322,-1.507856
cuboid > 30
0.001008,0.023655,11360.355469,1.215779,0.030450,0.384043,1.215779,0.050296,0.051397,0.000141,-0.048188,-0.056700
0.081335,0.136083,1595.024414,10.292519,0.290153,3.414415,10.292519,0.212313,0.225473,0.017655,-0.137732,-0.608826
0.006087,0.043921,5002.132812,3.172579,0.074742,0.965903,3.172579,0.089489,0.091115,0.000831,-0.084136,-0.231177
0.033045,0.011960,15.445791,0.802911,0.039149,0.310514,0.802911,0.009760,0.010530,0.004978,-0.004257,-0.151628
0.000235,0.001125,27686.048828,0.702575,0.015063,0.208625,0.702575,0.028178,0.028514,0.000030,-0.028178,0.000000
cuboid > 31
0.004552,0.041033,5264.911133,2.332089,0.059799,0.726906,2.332089,0.073149,0.073718,0.000619,-0.068555,-0.223965
0.000784,0.000214,11657.053711,0.972328,0.026220,0.310145,0.972328,0.041251,0.041315,0.000104,-0.040335,0.000000
0.044210,0.012031,15.972601,1.029388,0.047287,0.388259,1.029388,0.010017,0.011004,0.006445,-0.003641,-0.086114
0.078635,0.206786,1538.396729,9.628287,0.267126,3.126605,9.628287,0.183853,0.192125,0.014232,-0.132964,-0.910509
0.000244,0.000000,26998.808594,0.721142,0.015625,0.211914,0.721142,0.028178,0.028178,0.000030,-0.028178,0.000000
cuboid > 32
0.000253,0.000000,25535.839844,0.696731,0.016201,0.211706,0.696731,0.029218,0.029218,0.000033,-0.028872,0.000000
0.000802,0.011366,11881.903320,0.985636,0.026013,0.319508,0.985636,0.043510,0.044175,0.000105,-0.042690,0.000000
0.049499,0.015385,20.605246,1.128565,0.057643,0.444927,1.128565,0.013891,0.015222,0.007567,-0.005541,-0.165494
0.005751,0.065331,5100.315430,2.872889,0.074470,0.923799,2.872889,0.098268,0.102145,0.001005,-0.085116,-0.392094
0.076181,0.224443,1617.345215,9.977388,0.284469,3.323850,9.977388,0.218091,0.235881,0.017449,-0.141067,-1.154854
cuboid > 33
0.000237,0.000863,24806.691406,0.640049,0.015194,0.198907,0.640049,0.028178,0.028436,0.000030,-0.028178,0.000000
0.001250,0.011491,11875.755859,1.415926,0.034971,0.443518,1.415926,0.056794,0.058268,0.000230,-0.052695,0.000000
0.063508,0.017502,19.552479,1.322455,0.066973,0.512685,1.322455,0.013584,0.014957,0.009618,-0.003365,-0.269877
0.006628,0.082721,4997.583008,3.095698,0.082038,0.993700,3.095698,0.103025,0.106588,0.001340,-0.088108,-0.423062
0.068764,0.146599,1576.233398,8.837705,0.278167,3.047647,8.837705,0.219145,0.231391,0.016252,-0.137250,-0.955053
cuboid > 34
0.001183,0.001953,10626.603516,1.353738,0.032715,0.417969,1.353738,0.050064,0.050646,0.000153,-0.049296,0.000000
0.000235,0.030048,24415.902344,0.644783,0.014469,0.198318,0.644783,0.028178,0.028537,0.000030,-0.028178,0.000000
0.131549,0.201446,1306.751221,14.226768,0.423254,4.842873,14.226768,0.298080,0.322238,0.031770,-0.155356,-0.625568
0.011106,0.113140,4212.585938,4.229837,0.108695,1.333149,4.229837,0.124641,0.129060,0.002529,-0.101125,-0.139452
0.066673,0.024501,16.792570,1.292738,0.067204,0.507355,1.292738,0.012310,0.013703,0.010650,-0.000893,-0.180048
cuboid > 35
0.000244,0.000000,28447.074219,0.759809,0.015625,0.217864,0.759809,0.028178,0.028178,0.000030,-0.028178,0.000000
0.001136,0.055866,11128.823242,1.378886,0.033581,0.424727,1.378886,0.054576,0.055707,0.000184,-0.049665,-0.428339
0.075521,0.020238,14.947606,1.307676,0.068294,0.508891,1.307676,0.010224,0.011532,0.011316,0.000377,-0.348408
0.007695,0.032956,4825.701172,3.574321,0.093896,1.142874,3.574321,0.115655,0.119291,0.001432,-0.098518,-0.135674
0.112952,0.212232,1324.039429,11.705467,0.368078,4.045481,11.705467,0.262683,0.280251,0.028229,-0.143129,-0.752578
