cuboid > 1
0.000879,0.000223,11103.699219,1.055957,0.028061,0.333567,1.055957,0.043435,0.043501,0.000117,-0.042466,0.000000
0.047430,0.006256,21.977341,0.844542,0.056087,0.381727,0.844542,0.010832,0.011166,0.006345,-0.007503,-0.087069
0.000246,0.000824,28631.656250,0.759386,0.015488,0.219574,0.759386,0.028509,0.028755,0.000031,-0.028509,0.000000
0.004917,0.020183,5297.871582,2.556451,0.065590,0.793803,2.556451,0.079361,0.080007,0.000700,-0.074307,-0.198729
0.044937,0.021041,1791.665894,6.554073,0.185927,2.135408,6.554073,0.139693,0.142296,0.006740,-0.119359,-0.392355
cuboid > 2
0.000960,0.001066,11462.569336,1.179256,0.029414,0.364768,1.179256,0.045678,0.045997,0.000128,-0.044581,0.000000
0.080471,0.008415,37.521015,1.567948,0.093361,0.677505,1.567948,0.016804,0.017273,0.010647,-0.012070,-0.081659
0.004000,0.012810,5404.893555,2.248486,0.057980,0.700848,2.248486,0.072973,0.073677,0.000593,-0.068622,-0.109088
0.000253,0.002411,28057.302734,0.762894,0.016080,0.225387,0.762894,0.030593,0.031073,0.000035,-0.030112,0.000000
0.049277,0.041320,1829.324951,7.485574,0.195565,2.347908,7.485574,0.141577,0.144186,0.007451,-0.121757,-0.379002
cuboid > 3
0.004190,0.023275,5325.259277,2.320303,0.059879,0.737436,2.320303,0.077490,0.079346,0.000664,-0.071882,-0.069448
0.000241,0.000707,26866.556641,0.708180,0.015448,0.210897,0.708180,0.028497,0.028708,0.000030,-0.028497,0.000000
0.115069,0.015820,69.728905,2.085602,0.147807,0.950354,2.085602,0.037352,0.038574,0.015736,-0.027342,-0.131897
0.042727,0.060193,1837.358276,6.891319,0.189522,2.237833,6.891319,0.150169,0.154803,0.006700,-0.126814,-0.292463
0.000983,0.006175,11266.617188,1.196106,0.029803,0.372171,1.196106,0.046756,0.047243,0.000129,-0.045687,-0.017042
cuboid > 4
0.112033,0.018522,65.500671,1.892785,0.158545,0.901237,1.892785,0.053781,0.055716,0.015733,-0.037221,-0.203460
0.000939,0.020689,12164.813477,1.204018,0.031634,0.392994,1.204018,0.053644,0.055017,0.000155,-0.050047,-0.029902
0.033709,0.079337,2049.150391,6.195278,0.182963,2.088088,6.195278,0.162179,0.166827,0.005788,-0.130509,-0.522970
0.004706,0.054507,5708.356934,2.688611,0.075134,0.890963,2.688611,0.103388,0.106424,0.000936,-0.087156,-0.334037
0.000280,0.002533,24815.898438,0.753399,0.017796,0.236224,0.753399,0.033903,0.034496,0.000043,-0.032692,0.000000
cuboid > 5
0.000869,0.021701,11890.806641,1.088157,0.029080,0.355136,1.088157,0.047849,0.048635,0.000140,-0.044889,-0.169351
0.100849,0.016110,56.600235,1.706532,0.132090,0.793235,1.706532,0.038580,0.039795,0.013739,-0.029086,-0.365598
0.004183,0.048079,5531.268066,2.338436,0.064798,0.766859,2.338436,0.086715,0.088682,0.000734,-0.076594,-0.447469
0.000250,0.001642,25500.513672,0.689062,0.015959,0.212711,0.689062,0.029817,0.030144,0.000033,-0.029571,0.000000
0.037485,0.089809,1881.213501,6.192287,0.177696,2.058982,6.192287,0.148944,0.153844,0.005781,-0.125093,-0.542410
cuboid > 6
0.000249,0.000686,27872.535156,0.765008,0.015921,0.222651,0.765008,0.029329,0.029534,0.000032,-0.029202,0.000000
0.001037,0.010967,11932.778320,1.342613,0.031141,0.413379,1.342613,0.050414,0.051547,0.000151,-0.048374,-0.025357
0.003712,0.040595,5563.494141,2.189348,0.054469,0.679547,2.189348,0.070122,0.071078,0.000489,-0.067116,-0.194210
0.069852,0.011986,45.528450,1.316788,0.089424,0.586450,1.316788,0.020937,0.021404,0.009488,-0.016032,-0.225621
0.031185,0.060989,1893.479126,5.147072,0.142250,1.648988,5.147072,0.114976,0.116791,0.004496,-0.102604,-0.462361
cuboid > 7
0.000985,0.005298,10845.918945,1.188031,0.030897,0.381032,1.188031,0.050869,0.052059,0.000153,-0.047743,0.000000
0.005673,0.027124,5183.265137,2.858697,0.071053,0.886668,2.858697,0.085767,0.086853,0.000924,-0.077239,-0.151549
0.000282,0.002099,28697.201172,0.835853,0.018074,0.250233,0.835853,0.034487,0.035113,0.000043,-0.033229,0.000000
0.037013,0.006973,21.011669,0.614882,0.045215,0.277835,0.614882,0.009858,0.010085,0.005017,-0.007494,-0.094508
0.052647,0.083258,1529.950562,6.758995,0.193541,2.202714,6.758995,0.136965,0.139477,0.007983,-0.116049,-0.314721
cuboid > 8
0.000263,0.001923,26239.101562,0.794371,0.016861,0.237213,0.794371,0.032141,0.032714,0.000035,-0.031812,0.000000
0.000789,0.003923,11355.560547,0.949270,0.026306,0.307708,0.949270,0.042161,0.042441,0.000105,-0.041172,0.000000
0.023373,0.034267,2094.654297,4.084396,0.133048,1.414245,4.084396,0.119913,0.122214,0.004427,-0.098777,-0.725217
0.003542,0.015200,5443.373047,2.068252,0.054396,0.664441,2.068252,0.070568,0.071600,0.000466,-0.068605,-0.065542
0.122544,0.031717,21.817865,1.900904,0.096316,0.767474,1.900904,0.004175,0.005604,0.020587,0.013961,-0.539026
cuboid > 9
0.000243,0.001809,27134.316406,0.719886,0.015504,0.215200,0.719886,0.029265,0.029670,0.000032,-0.029085,0.000000
0.000971,0.007747,11425.889648,1.198187,0.028727,0.368492,1.198187,0.044473,0.044833,0.000121,-0.044170,-0.020341
0.210316,0.035832,42.062645,3.138503,0.158381,1.278427,3.138503,0.004134,0.005770,0.031212,0.014360,-0.466378
0.003783,0.006741,5617.112793,2.234241,0.056014,0.699273,2.234241,0.070156,0.070815,0.000486,-0.068727,-0.017514
0.036261,0.032706,1902.333862,5.701360,0.165677,1.879295,5.701360,0.129819,0.132455,0.006122,-0.110169,-0.357028
cuboid > 10
0.004041,0.028676,5560.910156,2.334629,0.061795,0.752647,2.334629,0.080490,0.081868,0.000594,-0.075084,-0.118042
0.000255,0.003666,25149.480469,0.705601,0.016197,0.217802,0.705601,0.030959,0.031470,0.000034,-0.030567,0.000000
0.000800,0.011298,11684.372070,1.021217,0.026860,0.329986,1.021217,0.044028,0.044677,0.000107,-0.043004,-0.031468
0.261550,0.043879,100.472343,4.093272,0.262064,1.794479,4.093272,0.054661,0.058461,0.040590,-0.018809,-0.734832
0.030370,0.068342,2048.603760,5.676102,0.161345,1.872605,5.676102,0.139443,0.143048,0.004909,-0.118665,-0.309192
cuboid > 11
0.000849,0.015395,12146.560547,1.054932,0.030294,0.356001,1.054932,0.051127,0.052044,0.000147,-0.047058,-0.029755
0.004981,0.052084,5747.665039,2.703468,0.080081,0.920668,2.703468,0.110856,0.114107,0.001105,-0.091003,-0.292237
0.245783,0.045448,96.197609,3.715988,0.275870,1.683312,3.715988,0.081359,0.086053,0.038162,-0.038420,-0.598249
0.040084,0.120735,2050.160645,6.949709,0.222955,2.429264,6.949709,0.203746,0.211071,0.008903,-0.142342,-1.419674
0.000283,0.011112,23836.570312,0.706226,0.017912,0.230585,0.706226,0.034682,0.035433,0.000045,-0.032938,-0.064041
cuboid > 12
0.000864,0.024119,11803.882812,1.116892,0.029284,0.367226,1.116892,0.049751,0.051081,0.000126,-0.047358,-0.155927
0.034424,0.068524,1919.916260,5.797771,0.176283,1.985242,5.797771,0.152234,0.156753,0.005980,-0.124169,-0.572712
0.004370,0.047155,5554.960449,2.414669,0.067227,0.800127,2.414669,0.090114,0.092377,0.000756,-0.080264,-0.369304
0.000265,0.003440,24399.734375,0.681414,0.016666,0.218000,0.681414,0.031836,0.032468,0.000040,-0.031041,0.000000
0.244362,0.035575,89.625763,3.611092,0.252805,1.622002,3.611092,0.061639,0.065290,0.037258,-0.028141,-0.486074
cuboid > 13
0.000247,0.003649,25953.542969,0.693347,0.015430,0.209957,0.693347,0.028788,0.029100,0.000032,-0.028788,0.000000
0.001018,0.027084,11608.244141,1.270548,0.031163,0.401981,1.270548,0.050826,0.051931,0.000143,-0.048633,-0.069908
0.004695,0.072899,5617.695312,2.710812,0.069026,0.856897,2.710812,0.091698,0.094259,0.000817,-0.081339,-0.578163
0.182185,0.031448,63.652637,2.957409,0.182660,1.288103,2.957409,0.028888,0.030885,0.027835,-0.007982,-0.507070
0.032340,0.119499,1887.415527,5.498381,0.163928,1.837448,5.498381,0.143253,0.147702,0.005892,-0.114956,-1.068653
cuboid > 14
0.000248,0.000710,27093.425781,0.725191,0.015855,0.215367,0.725191,0.029233,0.029445,0.000032,-0.029008,0.000000
0.001236,0.014220,11679.909180,1.435986,0.034423,0.445374,1.435986,0.054204,0.055368,0.000214,-0.050703,-0.024494
0.043326,0.109568,1733.531128,6.075249,0.198404,2.072209,6.075249,0.162579,0.166890,0.008574,-0.120957,-1.538414
0.005996,0.025126,4973.291016,3.004934,0.076927,0.944262,3.004934,0.094311,0.096522,0.000913,-0.086235,-0.194721
0.111995,0.018177,24.761082,1.622138,0.098314,0.695056,1.622138,0.010117,0.011130,0.016779,0.002776,-0.263462
cuboid > 15
0.000233,0.003363,27278.921875,0.678482,0.014700,0.204737,0.678482,0.028178,0.028617,0.000030,-0.028178,0.000000
0.000823,0.027722,11401.487305,1.027905,0.027406,0.332822,1.027905,0.045927,0.047084,0.000111,-0.044224,-0.088664
0.058726,0.213503,1827.400879,7.913697,0.241044,2.664672,7.913697,0.194572,0.205801,0.013812,-0.122664,-1.791370
0.005202,0.040980,5114.532715,2.653978,0.064561,0.822180,2.653978,0.077650,0.078880,0.000654,-0.076249,-0.064884
0.092248,0.030035,16.981213,1.650862,0.079126,0.651320,1.650862,0.006454,0.007992,0.015143,0.008347,-0.521679
cuboid > 16
0.000241,0.000345,26533.994141,0.697399,0.015453,0.208127,0.697399,0.028178,0.028281,0.000030,-0.028178,0.000000
0.000906,0.008686,11818.524414,1.139279,0.027993,0.354897,1.139279,0.043966,0.044324,0.000115,-0.043601,0.000000
0.039429,0.073866,1894.568848,6.167193,0.179249,2.038403,6.167193,0.145172,0.149930,0.007399,-0.114178,-1.042656
0.004593,0.047998,5549.494141,2.382616,0.064806,0.770285,2.382616,0.083011,0.085412,0.000943,-0.074247,-0.064758
0.152424,0.040586,31.598795,2.560459,0.122718,1.018750,2.560459,0.006590,0.008393,0.023441,0.011695,-0.553405
cuboid > 17
0.003968,0.032465,5695.012207,2.250975,0.061908,0.742424,2.250975,0.082401,0.084638,0.000684,-0.075007,-0.268426
0.000803,0.002369,11858.118164,1.004073,0.026824,0.327588,1.004073,0.043458,0.043986,0.000107,-0.042661,0.000000
0.203720,0.042660,61.887409,3.060561,0.184373,1.314543,3.060561,0.026704,0.029137,0.031720,-0.002212,-0.496447
0.000245,0.001081,25459.253906,0.675125,0.015669,0.208231,0.675125,0.029232,0.029554,0.000031,-0.029113,0.000000
0.029220,0.050793,2125.260742,5.490194,0.157429,1.821229,5.490194,0.134790,0.137753,0.004873,-0.115163,-0.272289
cuboid > 18
0.001341,0.017893,10118.855469,1.309333,0.037195,0.443473,1.309333,0.058338,0.059382,0.000218,-0.054242,-0.082106
2.530132,1.964097,46.113396,9.669729,1.601561,2.889625,9.669729,-0.119368,-0.103813,0.366538,0.366050,-186.082550
0.016496,0.078988,3171.627930,4.298358,0.136580,1.507647,4.298358,0.144551,0.147929,0.003698,-0.111048,-0.960582
0.176577,0.036920,92.186897,3.044605,0.188606,1.306270,3.044605,0.050131,0.053398,0.028683,-0.017530,-0.298546
0.000273,0.013005,24141.117188,0.690091,0.016746,0.222914,0.690091,0.032946,0.033815,0.000044,-0.031880,-0.016226
cuboid > 19
0.190851,0.038683,71.164627,2.937544,0.183917,1.265313,2.937544,0.035896,0.038478,0.029153,-0.011945,-0.576305
0.000771,0.015028,11802.369141,0.986524,0.027137,0.328880,0.986524,0.045490,0.046283,0.000107,-0.044123,-0.026418
0.000253,0.007597,23953.945312,0.659006,0.015831,0.209434,0.659006,0.030328,0.030884,0.000034,-0.029966,-0.019888
0.003681,0.018869,5710.984863,2.151250,0.059798,0.709194,2.151250,0.078111,0.079095,0.000543,-0.073301,-0.091734
0.027226,0.043841,2041.648926,4.859729,0.148660,1.657508,4.859729,0.129132,0.131657,0.004473,-0.111638,-0.308459
cuboid > 20
0.003964,0.006169,5592.434570,2.291478,0.058691,0.725558,2.291478,0.073344,0.074111,0.000524,-0.071176,-0.011331
0.035746,0.062865,1926.168335,5.782745,0.173721,1.932237,5.782745,0.141722,0.144592,0.006633,-0.114378,-0.956675
0.144542,0.039273,55.263290,2.589974,0.146659,1.091636,2.589974,0.025697,0.027904,0.022415,-0.005690,-0.617229
0.000948,0.001313,11980.204102,1.194252,0.029480,0.373541,1.194252,0.045886,0.046218,0.000125,-0.045069,0.000000
0.000246,0.000267,25021.121094,0.672550,0.015758,0.206163,0.672550,0.028659,0.028738,0.000031,-0.028579,0.000000
cuboid > 21
0.000268,0.002556,27318.744141,0.783617,0.016037,0.232108,0.783617,0.030560,0.031325,0.000039,-0.030337,0.000000
0.001140,0.011376,11465.127930,1.382197,0.033473,0.430436,1.382197,0.053950,0.054938,0.000173,-0.051354,0.000000
0.053565,0.091608,1754.979126,7.552057,0.219047,2.484656,7.552057,0.168348,0.172880,0.010020,-0.126951,-0.573754
0.006396,0.032888,4958.950684,3.074797,0.077634,0.960313,3.074797,0.094995,0.096742,0.000957,-0.086548,-0.216218
0.093634,0.025018,26.555073,1.601586,0.091169,0.679203,1.601586,0.013829,0.015193,0.014583,0.000633,-0.306638
cuboid > 22
0.006304,0.057306,5933.450684,3.411790,0.081662,1.053758,3.411790,0.102528,0.106080,0.001227,-0.088641,-0.265727
0.000289,0.013302,35939.777344,0.901399,0.014675,0.273860,0.901399,0.036182,0.040160,0.000054,-0.036182,0.000000
0.101279,0.195005,1551.868164,12.737814,0.382095,4.296823,12.737814,0.287657,0.303355,0.024496,-0.158849,-1.630721
0.029143,0.014502,14.219911,0.636903,0.038842,0.274634,0.636903,0.010994,0.011668,0.004732,-0.003778,-0.414077
0.000794,0.033428,15815.481445,1.321308,0.028737,0.408579,1.321308,0.052887,0.055200,0.000118,-0.051410,0.000000
cuboid > 23
0.000557,0.019455,15648.630859,0.907504,0.022767,0.287312,0.907504,0.038512,0.038747,0.000076,-0.037113,-0.069461
0.002359,0.008523,6724.713867,1.644973,0.045812,0.543666,1.644973,0.065112,0.066510,0.000340,-0.061755,0.000000
0.047165,0.112464,2108.783203,7.830245,0.221528,2.555893,7.830245,0.184904,0.191549,0.009945,-0.130675,-0.957544
0.000239,0.003013,28847.558594,0.751489,0.015190,0.216259,0.751489,0.028178,0.028367,0.000030,-0.028178,0.000000
0.054035,0.026631,24.269852,1.178346,0.063969,0.479936,1.178346,0.015740,0.017105,0.009046,-0.002695,-0.590361
cuboid > 24
0.000241,0.002843,27342.718750,0.702956,0.015341,0.213964,0.702956,0.029756,0.030408,0.000032,-0.029625,0.000000
0.000598,0.033375,14031.697266,0.935805,0.023985,0.306182,0.935805,0.043427,0.044669,0.000085,-0.041709,-0.170314
0.041270,0.096596,2101.402100,6.927878,0.217893,2.403013,6.927878,0.198599,0.208351,0.010018,-0.136114,-0.753145
0.003165,0.052107,6827.902832,2.064920,0.056167,0.686420,2.064920,0.082734,0.085998,0.000662,-0.072290,-0.183942
0.083874,0.032279,29.208591,1.334103,0.077415,0.558168,1.334103,0.014110,0.015847,0.014448,0.003003,-0.600908
cuboid > 25
0.000631,0.016250,13857.324219,0.922747,0.025808,0.317384,0.922747,0.046535,0.048004,0.000108,-0.043694,-0.036051
0.070224,0.030349,30.716293,1.411925,0.078628,0.582833,1.411925,0.019322,0.020947,0.012356,-0.002134,-0.504602
0.002757,0.033639,6593.681641,1.815161,0.052414,0.616602,1.815161,0.077237,0.079512,0.000447,-0.070343,-0.074050
0.000298,0.011395,26186.162109,0.745929,0.017580,0.241788,0.745929,0.036206,0.037775,0.000065,-0.034080,0.000000
0.029927,0.095299,2198.912354,5.423424,0.168828,1.871520,5.423424,0.157899,0.163758,0.006171,-0.120456,-0.549026
cuboid > 26
0.000983,0.030174,11829.829102,1.235165,0.031046,0.402810,1.235165,0.053652,0.055558,0.000158,-0.050561,-0.035254
0.036525,0.081556,1986.016235,5.929203,0.191617,2.063341,5.929203,0.169705,0.175621,0.008245,-0.122544,-1.059572
0.003908,0.015934,5720.086426,2.273467,0.063410,0.751256,2.273467,0.084540,0.086319,0.000655,-0.076686,-0.034816
0.000262,0.014889,25546.525391,0.711135,0.016293,0.223454,0.711135,0.032857,0.033869,0.000041,-0.032010,0.000000
0.076677,0.032861,29.712822,1.402993,0.080238,0.580594,1.402993,0.016949,0.018479,0.012844,-0.000857,-0.624898
cuboid > 27
0.000255,0.002839,27652.919922,0.786287,0.016074,0.233574,0.786287,0.031417,0.032264,0.000036,-0.031082,0.000000
0.001018,0.021706,11972.802734,1.282546,0.030481,0.393606,1.282546,0.047763,0.048181,0.000136,-0.046131,-0.083397
0.050289,0.127450,1893.322144,7.651608,0.232345,2.584933,7.651608,0.193496,0.200590,0.011427,-0.130903,-0.749791
0.004613,0.029787,5486.486328,2.512985,0.065952,0.807062,2.512985,0.086138,0.088009,0.000750,-0.078914,-0.023240
0.063449,0.025329,31.666000,1.269948,0.073169,0.532164,1.269948,0.018498,0.019866,0.010449,-0.004515,-0.489559
cuboid > 28
0.000260,0.000905,27330.001953,0.757927,0.016620,0.225930,0.757927,0.030789,0.031059,0.000039,-0.030015,0.000000
0.000954,0.032882,11328.256836,1.188109,0.032630,0.390883,1.188109,0.057709,0.059506,0.000160,-0.052861,-0.062133
0.083768,0.203018,1426.838257,9.541679,0.313135,3.334177,9.541679,0.239548,0.251649,0.021331,-0.135012,-1.851820
0.005707,0.050731,4650.743164,2.648972,0.076259,0.870170,2.648972,0.098755,0.101249,0.000939,-0.086637,-0.355801
0.039839,0.017240,19.738935,0.781078,0.052096,0.348832,0.781078,0.014396,0.015238,0.006404,-0.005474,-0.456854
cuboid > 29
0.000244,0.006777,34876.925781,0.804525,0.013931,0.235693,0.804525,0.030218,0.032244,0.000040,-0.030218,0.000000
0.001271,0.052143,12970.840820,1.603224,0.040064,0.543104,1.603224,0.080383,0.086634,0.000296,-0.069851,0.000000
0.006536,0.004077,12.185906,0.218583,0.013803,0.091909,0.218583,0.006409,0.006616,0.000916,-0.005162,-0.072721
0.005861,0.114837,5690.873535,3.255785,0.092087,1.103060,3.255785,0.140788,0.149924,0.001485,-0.108070,-0.396514
0.056238,0.131403,1748.197998,8.461637,0.235666,2.755627,8.461637,0.193188,0.202153,0.009809,-0.145295,-0.828499
cuboid > 30
0.001016,0.020949,11755.333984,1.227745,0.032850,0.400802,1.227745,0.055964,0.057611,0.000171,-0.051391,-0.058228
0.048064,0.152290,1861.239502,8.112971,0.228445,2.666409,8.112971,0.198794,0.208428,0.009207,-0.145222,-1.715764
0.006859,0.063119,5044.265137,3.372233,0.088328,1.081032,3.372233,0.117314,0.122117,0.001293,-0.098694,-0.302948
0.013476,0.011778,14.712896,0.400242,0.023453,0.159379,0.400242,0.009224,0.009646,0.002044,-0.006115,-0.173833
0.000290,0.005169,28166.742188,0.814200,0.017375,0.247650,0.814200,0.034535,0.035604,0.000051,-0.032830,0.000000
cuboid > 31
0.005562,0.043841,5502.307129,3.260963,0.082796,1.042672,3.260963,0.114668,0.119259,0.001004,-0.098117,-0.178743
0.001134,0.012773,11703.320312,1.378285,0.035320,0.442831,1.378285,0.059048,0.060642,0.000208,-0.053756,-0.032400
0.023801,0.015011,15.527519,0.581445,0.029961,0.224978,0.581445,0.008819,0.009451,0.003710,-0.003750,-0.221703
0.042711,0.151689,2003.717041,7.504790,0.209519,2.448780,7.504790,0.185667,0.194209,0.008111,-0.138985,-0.538388
0.000256,0.002757,28740.509766,0.754075,0.015778,0.225184,0.754075,0.030574,0.031398,0.000036,-0.030390,0.000000
cuboid > 32
0.000322,0.013750,26206.341797,0.851090,0.018625,0.270000,0.851090,0.040202,0.042066,0.000054,-0.038045,0.000000
0.000845,0.028967,11616.771484,1.053657,0.028927,0.354163,1.053657,0.050896,0.052493,0.000162,-0.046122,-0.073934
0.017578,0.009841,16.127991,0.509247,0.027942,0.202532,0.509247,0.010006,0.010538,0.002699,-0.006237,-0.128990
0.006676,0.055725,5053.342773,3.404255,0.089926,1.111750,3.404255,0.122848,0.128547,0.001316,-0.102299,-0.228981
0.055577,0.247351,1722.583008,8.248700,0.251692,2.807078,8.248700,0.219308,0.232046,0.012487,-0.145349,-0.967664
cuboid > 33
0.000274,0.001524,27563.566406,0.791845,0.016768,0.234755,0.791845,0.031386,0.031841,0.000042,-0.030700,0.000000
0.000991,0.022117,11842.497070,1.149669,0.032112,0.387885,1.149669,0.058045,0.060728,0.000253,-0.050547,-0.039045
0.020244,0.012090,20.405043,0.578929,0.030978,0.228243,0.578929,0.011122,0.011667,0.002979,-0.006949,-0.147871
0.004680,0.042605,5550.272949,2.438952,0.071819,0.811625,2.438952,0.099868,0.103297,0.001048,-0.081703,-0.099377
0.050579,0.194406,1830.442139,8.156423,0.237589,2.724872,8.156423,0.206314,0.217325,0.009677,-0.148072,-0.972119
cuboid > 34
0.000879,0.011074,11911.385742,1.112217,0.029047,0.355180,1.112217,0.048349,0.049305,0.000131,-0.045786,-0.026097
0.000257,0.001674,28611.054688,0.773096,0.015904,0.227120,0.773096,0.029857,0.030357,0.000036,-0.029522,0.000000
0.044025,0.146634,1922.474243,7.428722,0.211771,2.446223,7.428722,0.184051,0.191923,0.008311,-0.136829,-0.665354
0.004976,0.056987,5550.776855,2.796659,0.075319,0.920725,2.796659,0.104760,0.108477,0.000991,-0.087614,-0.130243
0.016855,0.007678,21.881815,0.540473,0.028444,0.215744,0.540473,0.011423,0.011933,0.002440,-0.007968,-0.139166
cuboid > 35
0.000259,0.001781,28221.619141,0.783143,0.016567,0.233052,0.783143,0.031482,0.032014,0.000036,-0.030933,0.000000
0.000945,0.014771,11176.270508,1.068681,0.030341,0.373217,1.068681,0.054461,0.057509,0.000200,-0.049783,0.000000
0.009460,0.006062,17.558012,0.332921,0.020346,0.139649,0.332921,0.009888,0.010229,0.001352,-0.007646,-0.061048
0.006076,0.039682,5125.453613,2.947453,0.084987,0.996935,2.947453,0.115322,0.121019,0.001345,-0.093868,-0.141021
0.049721,0.216169,1748.403320,7.659124,0.226729,2.558944,7.659124,0.195767,0.204507,0.009429,-0.140226,-1.293272
