cuboid > 1
0.001392,0.062786,10312.270508,1.426301,0.034405,0.436013,1.426301,0.053779,0.054685,0.000182,-0.050198,-0.314433
0.067917,0.008835,13.703047,1.045522,0.060113,0.436996,1.045522,0.004401,0.004764,0.008951,-0.000876,-0.071416
0.000248,0.009208,28145.244141,0.743660,0.015523,0.223121,0.743660,0.030862,0.031611,0.000035,-0.030472,0.000000
0.011254,0.105453,3919.855225,4.175315,0.106394,1.292304,4.175315,0.119879,0.122504,0.001946,-0.101140,-1.010510
0.096060,0.091535,1109.673340,9.385967,0.275565,3.097710,9.385967,0.170121,0.175421,0.017282,-0.123081,-0.705358
cuboid > 2
0.001215,0.008323,12135.966797,1.536362,0.033580,0.454706,1.536362,0.050591,0.051031,0.000155,-0.049817,-0.026963
0.104026,0.010938,37.625565,1.731658,0.092842,0.703170,1.731658,0.009107,0.009633,0.014029,-0.003273,-0.218787
0.005065,0.033536,5511.158203,2.872966,0.066647,0.860014,2.872966,0.080095,0.080867,0.000661,-0.076698,-0.266066
0.000242,0.001838,28033.154297,0.735475,0.015441,0.215185,0.735475,0.028568,0.028761,0.000031,-0.028503,0.000000
0.035840,0.066212,1937.918701,6.153558,0.163973,1.951312,6.153558,0.128245,0.130365,0.005218,-0.114262,-0.405094
cuboid > 3
0.004689,0.037520,5130.389648,2.423817,0.063096,0.770725,2.423817,0.081125,0.083192,0.000735,-0.074422,-0.205012
0.000241,0.000340,28475.976562,0.749751,0.015455,0.216172,0.749751,0.028178,0.028280,0.000030,-0.028178,0.000000
0.154311,0.017972,61.662437,2.737676,0.157957,1.148539,2.737676,0.028464,0.029918,0.021381,-0.014976,-0.238975
0.048313,0.075954,1730.460693,7.223220,0.208547,2.389765,7.223220,0.164763,0.170457,0.008365,-0.129976,-0.501160
0.001050,0.013861,11096.980469,1.256160,0.030208,0.385439,1.256160,0.046949,0.047483,0.000135,-0.045860,-0.051185
cuboid > 4
0.146765,0.035374,58.073673,2.630817,0.158384,1.085663,2.630817,0.038760,0.040844,0.020474,-0.022872,-0.345506
0.001173,0.017249,10814.829102,1.251096,0.035542,0.422345,1.251096,0.061219,0.063331,0.000264,-0.054068,-0.059917
0.054857,0.206849,1702.011475,8.281290,0.240339,2.742758,8.281290,0.203023,0.212364,0.010466,-0.145622,-1.102981
0.007710,0.108207,5061.355957,3.767233,0.104792,1.261241,3.767233,0.150091,0.158287,0.001764,-0.116782,-0.453639
0.000278,0.003497,27177.455078,0.746790,0.017457,0.233036,0.746790,0.034203,0.035106,0.000050,-0.032433,0.000000
cuboid > 5
0.001326,0.065088,11587.448242,1.481839,0.042784,0.505835,1.481839,0.080054,0.084350,0.000380,-0.065364,-0.206105
0.124545,0.030280,47.192722,2.041159,0.132911,0.856181,2.041159,0.033366,0.035181,0.017300,-0.018373,-0.472170
0.005954,0.148684,5213.528809,3.111190,0.092215,1.063008,3.111190,0.142377,0.150631,0.001317,-0.112171,-0.600790
0.000295,0.002216,25873.162109,0.743630,0.018083,0.233596,0.743630,0.034342,0.035003,0.000057,-0.032380,0.000000
0.043200,0.323879,1839.755371,7.116406,0.230698,2.448617,7.116406,0.221693,0.232563,0.008986,-0.152815,-1.822528
cuboid > 6
0.000253,0.009181,27909.884766,0.748129,0.015888,0.221131,0.748129,0.030018,0.030429,0.000034,-0.029375,-0.035382
0.000856,0.026100,11086.951172,1.051816,0.027790,0.345387,1.051816,0.047531,0.048941,0.000132,-0.045202,-0.077689
0.005382,0.101714,5255.123047,2.889938,0.074136,0.929657,2.889938,0.102769,0.107674,0.001035,-0.086901,-0.292103
0.112973,0.011678,43.221996,1.913270,0.115658,0.810664,1.913270,0.019216,0.020073,0.015049,-0.012306,-0.238236
0.044631,0.161696,1818.350586,7.253730,0.193650,2.308445,7.253730,0.157232,0.163235,0.006919,-0.128732,-0.871295
cuboid > 7
0.000993,0.037178,11671.035156,1.266561,0.029266,0.389992,1.266561,0.048264,0.049159,0.000129,-0.046933,-0.050657
0.005317,0.031916,5127.504395,2.765867,0.066405,0.851563,2.765867,0.080707,0.082267,0.000709,-0.077125,-0.034816
0.000269,0.006720,27417.890625,0.773496,0.015749,0.231497,0.773496,0.031023,0.031992,0.000039,-0.030817,0.000000
0.064639,0.004743,28.233435,1.246141,0.058112,0.472916,1.246141,0.006505,0.006784,0.008574,-0.003883,-0.024418
0.046901,0.100410,1607.586792,6.794669,0.194488,2.251119,6.794669,0.143729,0.147072,0.006616,-0.129108,-0.449064
cuboid > 8
0.000251,0.003356,28194.361328,0.758856,0.015793,0.220428,0.758856,0.029691,0.029941,0.000031,-0.029691,0.000000
0.000797,0.023042,11306.190430,0.968418,0.028621,0.316400,0.968418,0.048793,0.049615,0.000136,-0.044386,-0.097804
0.153677,0.293450,873.968506,11.219885,0.380465,3.914538,11.219885,0.222217,0.233532,0.031655,-0.124200,-3.049798
0.010801,0.119117,3430.875732,3.510811,0.108434,1.176389,3.510811,0.132674,0.138252,0.002331,-0.100849,-1.007929
0.098021,0.027404,11.800738,1.445978,0.074568,0.566341,1.445978,0.003459,0.004354,0.014619,0.006772,-0.513019
cuboid > 9
0.000242,0.000415,27601.876953,0.728019,0.015480,0.212866,0.728019,0.028178,0.028255,0.000030,-0.028178,0.000000
0.001058,0.002291,11533.792969,1.307604,0.030661,0.395597,1.307604,0.046239,0.046408,0.000132,-0.045873,-0.008832
0.183062,0.039590,48.595974,2.898598,0.139568,1.120437,2.898598,0.008563,0.010056,0.026951,0.008582,-0.803569
0.004093,0.017261,5436.045898,2.322161,0.057733,0.714685,2.322161,0.070597,0.071000,0.000533,-0.068404,-0.133324
0.025231,0.043925,2037.594360,4.579213,0.133173,1.506257,4.579213,0.114428,0.116345,0.004124,-0.100364,-0.498772
cuboid > 10
0.004318,0.027490,5399.730469,2.417849,0.061385,0.756448,2.417849,0.077475,0.078540,0.000640,-0.071904,-0.124249
0.000246,0.000651,27618.197266,0.743405,0.015734,0.217973,0.743405,0.028961,0.029155,0.000031,-0.028879,0.000000
0.001141,0.008205,11343.997070,1.375182,0.032485,0.419146,1.375182,0.049951,0.050449,0.000155,-0.048432,-0.026536
0.292507,0.054990,104.428360,4.516798,0.257874,1.899865,4.516798,0.039103,0.042698,0.043554,-0.005921,-0.906599
0.030906,0.078064,1903.460815,5.458914,0.164579,1.832882,5.458914,0.143235,0.147185,0.005211,-0.118523,-0.632038
cuboid > 11
0.001065,0.038232,11398.787109,1.311446,0.033804,0.419924,1.311446,0.056723,0.057927,0.000174,-0.051698,-0.173339
0.006673,0.113842,5121.077148,3.329779,0.089685,1.080606,3.329779,0.117714,0.121440,0.001359,-0.095692,-0.893576
0.287878,0.079314,87.059196,4.249606,0.260706,1.763218,4.249606,0.059365,0.064220,0.043173,-0.019678,-1.150071
0.043374,0.206661,1817.222656,7.100417,0.214932,2.382668,7.100417,0.191281,0.199542,0.008131,-0.141717,-1.715272
0.000283,0.007240,27364.318359,0.765385,0.016957,0.240323,0.765385,0.035075,0.036631,0.000049,-0.033776,0.000000
cuboid > 12
0.001172,0.041107,12079.909180,1.405038,0.037287,0.448855,1.405038,0.062330,0.063728,0.000229,-0.054836,-0.240557
0.041867,0.220399,1938.632324,7.033788,0.234223,2.467523,7.033788,0.224075,0.234364,0.009535,-0.150109,-2.357113
0.005188,0.132374,5655.834473,2.841081,0.084472,0.956108,2.841081,0.121020,0.125422,0.001173,-0.095003,-1.218452
0.000271,0.008793,26629.287109,0.722205,0.017001,0.227751,0.722205,0.033238,0.034083,0.000043,-0.031923,-0.044791
0.278623,0.070256,75.267166,3.832063,0.241012,1.590596,3.832063,0.055208,0.059672,0.040782,-0.017507,-0.975827
cuboid > 13
0.000257,0.003350,27484.333984,0.730861,0.016370,0.222787,0.730861,0.031933,0.032680,0.000040,-0.030963,0.000000
0.000993,0.026196,11478.701172,1.201220,0.030070,0.374890,1.201220,0.047898,0.048477,0.000134,-0.045778,-0.127101
0.004554,0.063683,5479.831543,2.636649,0.067569,0.830198,2.636649,0.089721,0.091782,0.000696,-0.081040,-0.437614
0.267365,0.054511,77.815132,3.942047,0.228005,1.642965,3.942047,0.036479,0.039716,0.038907,-0.006947,-0.671584
0.031566,0.172419,1896.952759,5.561571,0.168303,1.860590,5.561571,0.153308,0.158259,0.005528,-0.123616,-1.220540
cuboid > 14
0.000240,0.000491,28107.169922,0.728251,0.015379,0.212931,0.728251,0.028178,0.028325,0.000030,-0.028178,0.000000
0.001346,0.004202,10199.692383,1.358890,0.033242,0.418642,1.358890,0.048506,0.048730,0.000169,-0.048031,-0.015183
5.689564,1.865489,19.378162,16.591469,2.413762,5.898096,16.591469,-0.718034,-0.698929,0.774622,0.938562,-381.169189
0.014753,0.019404,3202.591064,4.232737,0.110561,1.339611,4.232737,0.107863,0.109384,0.002179,-0.099343,-0.303941
0.161771,0.035445,74.342339,2.775858,0.122582,1.035356,2.775858,0.010886,0.012066,0.023501,0.002829,-0.313201
cuboid > 15
0.000220,0.009171,27522.056641,0.650087,0.013791,0.199219,0.650087,0.028178,0.029090,0.000030,-0.028178,0.000000
0.001132,0.026595,10369.674805,1.174754,0.033748,0.392373,1.174754,0.056151,0.057488,0.000186,-0.051576,-0.102024
12.062921,3.100853,16.408308,37.269901,3.999963,23.958796,37.269901,-0.948776,-0.719322,1.934180,2.041589,-976.121521
0.012344,0.091099,3173.510986,3.249961,0.106938,1.108739,3.249961,0.122528,0.126179,0.002525,-0.097278,-0.783829
0.054183,0.024406,30.758459,1.156358,0.053900,0.432753,1.156358,0.011646,0.012547,0.008353,-0.002593,-0.375809
cuboid > 16
0.000243,0.000205,27168.203125,0.717554,0.015522,0.211329,0.717554,0.028179,0.028240,0.000030,-0.028179,0.000000
0.000902,0.000702,11320.683594,1.082024,0.028216,0.343247,1.082024,0.043784,0.043959,0.000132,-0.042662,0.000000
0.025968,0.085842,1966.208374,4.398284,0.136357,1.464522,4.398284,0.120540,0.122667,0.003926,-0.103286,-0.939009
0.003811,0.023870,5509.144531,2.132264,0.057973,0.689005,2.132264,0.076744,0.078438,0.000659,-0.069841,-0.092603
0.107710,0.037982,35.105492,1.966455,0.087600,0.730989,1.966455,0.009471,0.010600,0.016057,0.002566,-0.702085
cuboid > 17
0.003992,0.031928,5483.260742,2.272016,0.058349,0.716751,2.272016,0.075261,0.076492,0.000568,-0.070857,-0.132495
0.001001,0.005349,11692.706055,1.242163,0.030504,0.387856,1.242163,0.048351,0.048981,0.000141,-0.046691,0.000000
0.168860,0.043721,74.916267,2.839010,0.152410,1.153251,2.839010,0.024087,0.026118,0.024861,-0.006051,-0.756068
0.000253,0.001493,26886.791016,0.734834,0.015926,0.220128,0.734834,0.029910,0.030356,0.000034,-0.029681,0.000000
0.036691,0.072798,1877.242676,6.104045,0.172966,1.992423,6.104045,0.140557,0.143972,0.006089,-0.117851,-0.586359
cuboid > 18
0.001428,0.016303,10698.730469,1.436624,0.037382,0.466074,1.436624,0.058224,0.059410,0.000230,-0.054526,-0.026483
2.522370,2.732098,48.160660,11.522750,1.751789,5.152669,11.522750,0.005714,0.051418,0.454629,0.413084,-205.787811
0.016594,0.138330,3194.142090,4.542082,0.132598,1.518707,4.542082,0.145193,0.150695,0.003289,-0.115238,-0.737098
0.174743,0.058541,101.522766,2.997083,0.163859,1.198888,2.997083,0.040385,0.043641,0.025488,-0.018182,-0.308731
0.000260,0.002225,26190.863281,0.703686,0.016489,0.221031,0.703686,0.031641,0.032305,0.000039,-0.030848,0.000000
cuboid > 19
0.184908,0.062093,69.507492,3.079346,0.171538,1.237561,3.079346,0.038879,0.041942,0.027512,-0.014000,-0.821593
0.001087,0.015510,11976.927734,1.348633,0.032944,0.424443,1.348633,0.052997,0.053916,0.000159,-0.050551,-0.015256
0.000251,0.003018,25949.476562,0.681834,0.015826,0.212437,0.681834,0.030203,0.030688,0.000035,-0.029737,0.000000
0.005406,0.064224,5673.312988,3.036409,0.076234,0.958871,3.036409,0.097474,0.099859,0.000914,-0.086383,-0.330342
0.040947,0.161632,2049.044189,7.333443,0.210707,2.440363,7.333443,0.186158,0.194103,0.007968,-0.139553,-1.221647
cuboid > 20
0.004714,0.025658,5560.784180,2.660654,0.066903,0.831228,2.660654,0.084560,0.085911,0.000678,-0.078911,-0.213473
0.033311,0.148262,1949.488892,5.936009,0.173295,1.970285,5.936009,0.152627,0.157331,0.005623,-0.125024,-0.800004
0.187727,0.052058,71.676285,3.294239,0.168150,1.299628,3.294239,0.029658,0.032139,0.027284,-0.008654,-0.614462
0.000948,0.021659,11810.073242,1.182330,0.029276,0.371978,1.182330,0.047308,0.047956,0.000129,-0.045862,-0.036145
0.000240,0.011956,27375.845703,0.700822,0.015046,0.212627,0.700822,0.029701,0.030362,0.000032,-0.029511,0.000000
cuboid > 21
0.000251,0.002260,27458.300781,0.750886,0.015832,0.221616,0.750886,0.029566,0.029896,0.000032,-0.029479,0.000000
0.000960,0.014328,11189.571289,1.175598,0.028820,0.364379,1.175598,0.044987,0.045328,0.000122,-0.044153,-0.063915
0.039253,0.071563,1838.895508,6.270516,0.181506,2.066373,6.270516,0.140687,0.143432,0.006374,-0.120792,-0.615423
0.005480,0.033043,5348.363281,2.993073,0.070861,0.911481,2.993073,0.084568,0.085487,0.000796,-0.079668,-0.101574
0.142852,0.038185,43.471825,2.369570,0.105853,0.870492,2.369570,0.008385,0.009677,0.021408,0.006705,-0.672033
cuboid > 22
0.003942,0.062236,5127.291016,2.059966,0.061530,0.683932,2.059966,0.087933,0.090817,0.000654,-0.078074,-0.242182
0.000260,0.003141,28590.699219,0.788055,0.016567,0.232359,0.788055,0.031954,0.032579,0.000035,-0.031536,0.000000
0.034778,0.078901,1854.308594,5.464586,0.176744,1.861712,5.464586,0.157764,0.162777,0.006865,-0.118263,-0.641274
0.012851,0.006913,13.785425,0.370141,0.019055,0.142099,0.370141,0.007053,0.007308,0.001978,-0.004353,-0.129890
0.000822,0.029615,11451.932617,1.059559,0.029917,0.351329,1.059559,0.053968,0.055960,0.000138,-0.049935,-0.043688
cuboid > 23
0.000923,0.031555,11242.198242,1.076853,0.028818,0.354046,1.076853,0.050466,0.052177,0.000140,-0.047783,-0.064847
0.004569,0.040863,5176.754883,2.378832,0.066056,0.762369,2.378832,0.086279,0.087880,0.000707,-0.078121,-0.400239
0.035342,0.067404,1848.741455,5.637909,0.180979,1.926971,5.637909,0.157394,0.161068,0.007195,-0.121716,-0.473443
0.000244,0.008201,27426.716797,0.727144,0.015309,0.216623,0.727144,0.029821,0.030365,0.000031,-0.029821,0.000000
0.037993,0.014442,15.509442,0.707889,0.034384,0.268335,0.707889,0.006341,0.006828,0.005782,-0.000754,-0.161587
cuboid > 24
0.000254,0.000523,25690.533203,0.702732,0.015712,0.211335,0.702732,0.028558,0.028715,0.000033,-0.028558,0.000000
0.000961,0.031927,11440.599609,1.156290,0.030856,0.381288,1.156290,0.053324,0.055226,0.000168,-0.049379,-0.047066
0.025430,0.052576,1974.517456,4.412649,0.150897,1.551848,4.412649,0.143247,0.147105,0.004389,-0.118137,-0.434619
0.004799,0.052490,5318.874512,2.616171,0.071879,0.854948,2.616171,0.098220,0.101754,0.000865,-0.086177,-0.121255
0.047573,0.015475,22.979401,0.828658,0.047628,0.330189,0.828658,0.010120,0.010816,0.008059,-0.001016,-0.504517
cuboid > 25
0.000731,0.034603,11858.748047,0.946105,0.026841,0.320565,0.946105,0.048399,0.049780,0.000113,-0.045708,-0.068116
0.061954,0.017434,27.690132,1.074354,0.053783,0.406186,1.074354,0.012008,0.012841,0.009419,-0.003196,-0.302380
0.003900,0.085519,5584.232422,2.259433,0.065464,0.764004,2.259433,0.096749,0.100801,0.000705,-0.084135,-0.278158
0.000268,0.012890,25692.835938,0.735656,0.016784,0.231929,0.735656,0.033947,0.035044,0.000041,-0.033051,0.000000
0.028338,0.108653,2094.449219,5.240777,0.173637,1.829955,5.240777,0.170800,0.177341,0.006004,-0.128705,-0.806710
cuboid > 26
0.001113,0.030265,11712.629883,1.377612,0.033923,0.434810,1.377612,0.057195,0.058839,0.000170,-0.053414,-0.081324
0.033307,0.116786,1999.156860,5.989819,0.190812,2.042684,5.989819,0.181767,0.188279,0.006288,-0.138532,-0.709479
0.005150,0.072185,5542.265625,2.959876,0.076863,0.947970,2.959876,0.105129,0.109061,0.000966,-0.089695,-0.373396
0.000246,0.008972,26285.224609,0.693900,0.015532,0.213304,0.693900,0.030052,0.030615,0.000033,-0.029599,-0.021838
0.067084,0.025139,27.828173,1.193035,0.058144,0.447919,1.193035,0.012750,0.013742,0.010118,-0.003287,-0.251262
cuboid > 27
0.000250,0.007738,26992.736328,0.707218,0.015426,0.215541,0.707218,0.030147,0.030814,0.000035,-0.029790,0.000000
0.001220,0.034174,11633.768555,1.450434,0.037167,0.466875,1.450434,0.064152,0.066465,0.000220,-0.058482,-0.063861
0.039095,0.088462,1862.206299,6.305893,0.190725,2.097336,6.305893,0.162170,0.166600,0.006786,-0.129924,-0.718620
0.005588,0.060387,5222.609375,2.902771,0.077509,0.937931,2.902771,0.102795,0.106112,0.000918,-0.091628,-0.299007
0.053687,0.023034,30.967926,1.094513,0.056109,0.418989,1.094513,0.013473,0.014304,0.008646,-0.004297,-0.291166
cuboid > 28
0.000265,0.005957,27517.849609,0.778744,0.016194,0.232809,0.778744,0.031597,0.032370,0.000037,-0.031230,0.000000
0.001050,0.022943,11807.591797,1.329028,0.032771,0.419708,1.329028,0.055546,0.057164,0.000159,-0.052523,-0.016343
0.034615,0.180396,1975.072876,5.802318,0.192356,2.022323,5.802318,0.183012,0.190389,0.007946,-0.130744,-1.049942
0.004786,0.082824,5498.623047,2.662466,0.073213,0.857681,2.662466,0.100342,0.103441,0.000806,-0.087549,-0.395418
0.055253,0.028479,20.870274,1.167724,0.053892,0.430449,1.167724,0.009161,0.009897,0.008395,-0.000733,-0.420152
cuboid > 29
0.000234,0.001237,27924.699219,0.705710,0.015006,0.209050,0.705710,0.028178,0.028547,0.000030,-0.028178,0.000000
0.000960,0.031652,12006.966797,1.227976,0.030053,0.388174,1.227976,0.051016,0.052535,0.000157,-0.047665,-0.082581
0.001594,0.001107,5.871680,0.063993,0.004405,0.027860,0.063993,0.002758,0.002819,0.000224,-0.002360,-0.008681
0.004981,0.070289,5561.847656,2.794699,0.074081,0.890244,2.794699,0.101030,0.103692,0.000891,-0.086166,-0.382449
0.023001,0.075892,2040.504150,4.522440,0.144491,1.535921,4.522440,0.137983,0.141575,0.003705,-0.116786,-0.470968
cuboid > 30
0.001309,0.015445,11330.590820,1.461785,0.036140,0.465517,1.461785,0.059330,0.061316,0.000233,-0.055005,0.000000
0.031574,0.062767,1917.267212,5.638415,0.168041,1.877751,5.638415,0.148693,0.152731,0.005650,-0.120839,-0.265519
0.006155,0.060030,5146.784668,3.182300,0.082803,1.022866,3.182300,0.108849,0.112742,0.001098,-0.094195,-0.228044
0.008621,0.005071,8.193167,0.230838,0.012044,0.089057,0.230838,0.004202,0.004367,0.001279,-0.002670,-0.029425
0.000234,0.002604,28938.119141,0.723905,0.014844,0.211806,0.723905,0.028178,0.028567,0.000030,-0.028178,0.000000
cuboid > 31
0.004746,0.041725,5482.888184,2.706435,0.071470,0.866994,2.706435,0.097383,0.100321,0.000824,-0.085444,-0.068180
0.001070,0.012665,11631.577148,1.294492,0.033634,0.417933,1.294492,0.055141,0.056492,0.000200,-0.050134,-0.023370
0.011699,0.009555,10.701375,0.255788,0.016273,0.106379,0.255788,0.005623,0.005958,0.001736,-0.003382,-0.123624
0.025372,0.089321,2124.463623,4.980474,0.151329,1.679558,4.980474,0.149519,0.155992,0.004707,-0.119412,-0.214490
0.000258,0.002264,27314.753906,0.728331,0.016531,0.224486,0.728331,0.031854,0.032529,0.000042,-0.030580,0.000000
cuboid > 32
0.000265,0.006847,26831.632812,0.742808,0.016626,0.232796,0.742808,0.033720,0.034977,0.000043,-0.032555,0.000000
0.000961,0.037482,12135.471680,1.148297,0.030222,0.382136,1.148297,0.053993,0.056391,0.000200,-0.048756,-0.132896
0.011817,0.007735,11.615626,0.319626,0.017248,0.126536,0.319626,0.006631,0.006998,0.001836,-0.003969,-0.048405
0.005199,0.056784,5371.286133,2.835593,0.071355,0.900201,2.835593,0.096205,0.099538,0.000834,-0.085820,-0.345589
0.035246,0.109214,2029.023315,6.382976,0.176533,2.064417,6.382976,0.151933,0.156359,0.005726,-0.126417,-0.544870
cuboid > 33
0.000252,0.005851,26494.273438,0.721860,0.015918,0.220515,0.721860,0.030691,0.031377,0.000034,-0.030393,0.000000
0.000926,0.017037,12003.036133,1.164558,0.029876,0.372833,1.164558,0.049527,0.050476,0.000143,-0.046787,-0.049186
0.012592,0.005860,15.040998,0.378651,0.018616,0.144041,0.378651,0.007282,0.007592,0.001836,-0.004976,-0.035967
0.004937,0.035275,5559.656738,2.699645,0.075250,0.899973,2.699645,0.104914,0.109481,0.001035,-0.088227,0.000000
0.031487,0.201326,2074.875977,6.026890,0.184412,2.055556,6.026890,0.186684,0.197120,0.006575,-0.138766,-0.540318
cuboid > 34
0.001089,0.016688,11599.044922,1.278007,0.034570,0.417620,1.278007,0.059630,0.061440,0.000208,-0.053732,0.000000
0.000276,0.003618,26607.054688,0.786614,0.017048,0.237912,0.786614,0.032819,0.033466,0.000041,-0.031951,0.000000
0.030809,0.154080,2032.733643,5.832804,0.184586,1.993256,5.832804,0.185746,0.194997,0.006037,-0.139603,-1.369310
0.006047,0.057640,5314.848145,3.229944,0.085658,1.047213,3.229944,0.119026,0.124321,0.001194,-0.099696,-0.221147
0.009337,0.008622,14.643250,0.275308,0.017315,0.114096,0.275308,0.008381,0.008729,0.001442,-0.005882,-0.082373
cuboid > 35
0.000264,0.026591,27402.671875,0.767522,0.015516,0.238498,0.767522,0.035354,0.037422,0.000039,-0.035033,0.000000
0.001096,0.032337,12029.400391,1.307622,0.034087,0.424360,1.307622,0.058879,0.060847,0.000230,-0.052631,-0.074544
0.008908,0.008490,14.547716,0.305744,0.017487,0.122135,0.305744,0.008289,0.008588,0.001313,-0.006082,-0.044592
0.004402,0.068010,5452.664551,2.453275,0.072770,0.835820,2.453275,0.107574,0.112439,0.000856,-0.091037,-0.249131
0.041970,0.195998,1979.060547,7.086524,0.214200,2.389462,7.086524,0.201415,0.212121,0.008270,-0.146954,-0.715411
