cuboid > 1
0.001046,0.013302,12084.963867,1.332289,0.030652,0.397111,1.332289,0.046265,0.046346,0.000132,-0.045349,-0.070930
0.045751,0.004854,18.158030,0.875705,0.045610,0.350566,0.875705,0.006200,0.006446,0.006070,-0.003862,-0.058798
0.000244,0.000000,28180.777344,0.752699,0.015625,0.216769,0.752699,0.028178,0.028178,0.000030,-0.028178,0.000000
0.005765,0.015677,5294.186035,2.941595,0.069931,0.873121,2.941595,0.080248,0.080480,0.000785,-0.075904,-0.202660
0.051981,0.044807,1695.259521,7.062427,0.193740,2.243163,7.062427,0.134524,0.136233,0.008260,-0.113096,-0.632077
cuboid > 2
0.001281,0.000000,11939.621094,1.569652,0.034119,0.459601,1.569652,0.049238,0.049238,0.000158,-0.049166,0.000000
0.057438,0.006038,38.622341,1.250437,0.064812,0.491761,1.250437,0.013727,0.014008,0.007677,-0.011097,-0.141707
0.005583,0.007431,5528.580078,3.119432,0.069676,0.918813,3.119432,0.078779,0.078824,0.000698,-0.077567,-0.093379
0.000244,0.000000,28376.253906,0.757910,0.015625,0.217574,0.757910,0.028178,0.028178,0.000030,-0.028178,0.000000
0.039261,0.019765,1841.493164,6.421877,0.170082,2.039988,6.421877,0.121083,0.121537,0.004940,-0.117333,-0.214434
cuboid > 3
0.006534,0.035654,5133.533691,3.297650,0.078026,1.010011,3.297650,0.092451,0.094289,0.001040,-0.084777,-0.289727
0.000247,0.001038,27440.601562,0.741125,0.015781,0.217421,0.741125,0.029114,0.029308,0.000031,-0.029037,0.000000
0.086419,0.012355,80.105057,2.122263,0.121021,0.874661,2.122263,0.037166,0.037967,0.011182,-0.031873,-0.147290
0.054055,0.078790,1609.394043,7.701510,0.212857,2.509085,7.701510,0.152520,0.155808,0.007730,-0.133339,-0.259901
0.001197,0.007513,11465.032227,1.428120,0.032899,0.432418,1.428120,0.050016,0.050566,0.000156,-0.048992,-0.010649
cuboid > 4
0.096547,0.041772,94.447159,2.289773,0.153976,0.994199,2.289773,0.063079,0.065812,0.013617,-0.044697,-0.276673
0.001043,0.027183,12248.096680,1.308653,0.032772,0.423378,1.308653,0.056928,0.059079,0.000183,-0.052658,-0.098189
0.041995,0.150131,1900.378296,7.209312,0.215473,2.413365,7.209312,0.196755,0.205211,0.007781,-0.146785,-1.115269
0.005705,0.074757,5452.151367,3.081161,0.084259,1.020949,3.081161,0.119924,0.125569,0.001275,-0.097246,-0.169077
0.000260,0.004532,27017.402344,0.736374,0.016009,0.224126,0.736374,0.030942,0.031610,0.000037,-0.030477,0.000000
cuboid > 5
0.001085,0.034979,12394.409180,1.380057,0.037119,0.459635,1.380057,0.067106,0.070021,0.000245,-0.058493,-0.067181
0.090608,0.034609,71.369019,1.892696,0.135329,0.817500,1.892696,0.054756,0.057334,0.013678,-0.034398,-0.581056
0.004299,0.063310,5796.775879,2.573425,0.072463,0.866165,2.573425,0.106982,0.111453,0.000822,-0.091451,-0.209999
0.000286,0.006570,25171.929688,0.740920,0.017726,0.237480,0.740920,0.035172,0.036122,0.000050,-0.033472,0.000000
0.038298,0.168781,1949.191772,6.594791,0.204000,2.238634,6.594791,0.188312,0.195756,0.007819,-0.136086,-1.412099
cuboid > 6
0.000239,0.001670,26318.892578,0.666229,0.015271,0.206049,0.666229,0.029030,0.029528,0.000032,-0.028825,0.000000
0.000971,0.019575,11774.147461,1.233612,0.030139,0.384650,1.233612,0.048766,0.049561,0.000130,-0.047075,-0.090363
0.004856,0.035271,5342.380371,2.551584,0.068316,0.818261,2.551584,0.087853,0.089639,0.000918,-0.077348,-0.134735
0.085188,0.020663,59.945309,1.768205,0.110389,0.749430,1.768205,0.032128,0.033254,0.011203,-0.024719,-0.319442
0.045697,0.191254,1814.464722,7.389522,0.206868,2.388524,7.389522,0.171390,0.177797,0.007486,-0.134955,-1.349841
cuboid > 7
0.001124,0.000219,11258.326172,1.337436,0.031043,0.402309,1.337436,0.045799,0.045864,0.000138,-0.045733,0.000000
0.006076,0.017235,5016.080566,3.062637,0.071275,0.926469,3.062637,0.081696,0.082502,0.000791,-0.079419,-0.049133
0.000244,0.000000,27167.101562,0.725637,0.015625,0.212605,0.725637,0.028178,0.028178,0.000030,-0.028178,0.000000
0.052155,0.004504,30.557848,1.131344,0.061168,0.450752,1.131344,0.011867,0.012082,0.006660,-0.010236,-0.172095
0.040756,0.041561,1604.334106,5.777875,0.171930,1.934058,5.777875,0.124709,0.126052,0.005512,-0.115847,-0.364289
cuboid > 8
0.000244,0.000000,28173.814453,0.752514,0.015625,0.216741,0.752514,0.028178,0.028178,0.000030,-0.028178,0.000000
0.000996,0.000000,11863.564453,1.244306,0.030275,0.378849,1.244306,0.045831,0.045831,0.000129,-0.044916,0.000000
0.073022,0.197061,1620.851807,9.645252,0.288590,3.156520,9.645252,0.222050,0.230304,0.015298,-0.140684,-2.222885
0.004966,0.036247,5083.369141,2.480501,0.070547,0.799533,2.480501,0.090278,0.091475,0.000805,-0.080102,-0.243874
0.123714,0.024771,17.165277,1.734666,0.084570,0.670755,1.734666,0.000133,0.000974,0.017535,0.009864,-0.349449
cuboid > 9
0.000244,0.000000,27945.412109,0.746410,0.015625,0.215798,0.746410,0.028179,0.028179,0.000030,-0.028179,0.000000
0.001097,0.004904,11872.087891,1.367741,0.031118,0.407576,1.367741,0.046203,0.046248,0.000136,-0.045857,-0.019378
0.166409,0.027972,48.471016,2.474764,0.118129,0.946073,2.474764,0.007618,0.008549,0.023378,0.004292,-0.546910
0.005159,0.002674,5466.991211,2.829665,0.065892,0.849254,2.829665,0.076026,0.076223,0.000672,-0.074499,0.000000
0.031117,0.033031,1921.115723,5.284177,0.155076,1.747431,5.284177,0.123719,0.125447,0.005167,-0.109330,-0.366019
cuboid > 10
0.005535,0.044501,5144.845703,2.861182,0.069639,0.883833,2.861182,0.085182,0.086754,0.000766,-0.080292,-0.195991
0.000259,0.001151,27209.253906,0.757784,0.016260,0.224004,0.757784,0.030057,0.030331,0.000036,-0.029717,0.000000
0.001160,0.008723,11147.802734,1.361411,0.032741,0.418714,1.361411,0.050657,0.051272,0.000165,-0.048766,-0.010976
0.222488,0.036857,117.016129,3.842804,0.198244,1.524577,3.842804,0.033931,0.035532,0.030767,-0.018290,-0.475425
0.034581,0.075329,1744.510376,5.623201,0.171552,1.912972,5.623201,0.143529,0.147082,0.005277,-0.124398,-0.335731
cuboid > 11
0.001076,0.023755,12190.254883,1.369667,0.034308,0.440165,1.369667,0.058672,0.060514,0.000188,-0.054067,-0.053959
0.005266,0.089964,5687.104492,3.001526,0.083432,1.005740,3.001526,0.123190,0.129121,0.001183,-0.099812,-0.345112
0.231193,0.058967,111.806793,3.793372,0.214298,1.525509,3.793372,0.057478,0.061381,0.033913,-0.024448,-0.616365
0.032479,0.165197,2016.045532,6.058280,0.194130,2.099122,6.058280,0.195045,0.204267,0.006744,-0.141892,-1.104449
0.000272,0.008633,26667.923828,0.743217,0.016846,0.232411,0.743217,0.033544,0.034543,0.000046,-0.032325,0.000000
cuboid > 12
0.001095,0.029322,11989.911133,1.350384,0.035958,0.450176,1.350384,0.063327,0.065940,0.000228,-0.056528,-0.037875
0.029148,0.190515,2051.825928,5.571748,0.179081,1.930975,5.571748,0.179774,0.187281,0.005656,-0.134809,-1.329991
0.004418,0.062365,5677.575195,2.494458,0.074007,0.855618,2.494458,0.107147,0.111200,0.000941,-0.089541,-0.269241
0.000281,0.006367,25355.207031,0.737001,0.017078,0.235540,0.737001,0.034290,0.035539,0.000047,-0.033103,0.000000
0.230624,0.048109,94.562119,3.271318,0.194470,1.296986,3.271318,0.046151,0.048959,0.033215,-0.019205,-0.587090
cuboid > 13
0.000275,0.005208,26048.900391,0.724182,0.016976,0.227406,0.724182,0.033193,0.034056,0.000046,-0.032095,0.000000
0.000915,0.022799,11756.943359,1.174242,0.029821,0.376347,1.174242,0.050066,0.051288,0.000143,-0.047331,-0.069254
0.004296,0.063415,5396.828613,2.456885,0.066341,0.806455,2.456885,0.092786,0.096036,0.000735,-0.081656,-0.274494
0.230626,0.041812,96.558578,3.477342,0.194572,1.408263,3.477342,0.039119,0.041884,0.032488,-0.015405,-0.668344
0.037700,0.088665,1782.101074,6.105618,0.186457,2.082159,6.105618,0.160343,0.165732,0.006340,-0.128964,-0.513547
cuboid > 14
0.000244,0.000000,27254.781250,0.727971,0.015625,0.212965,0.727971,0.028178,0.028178,0.000030,-0.028178,0.000000
0.001014,0.001827,11470.942383,1.224030,0.029362,0.372401,1.224030,0.043980,0.044002,0.000125,-0.043771,-0.007149
0.039549,0.023211,1601.019165,5.514152,0.173524,1.898653,5.514152,0.127384,0.128681,0.005529,-0.117453,-0.174160
0.005668,0.001642,5153.890625,2.821239,0.067809,0.862823,2.821239,0.077201,0.077542,0.000771,-0.074916,0.000000
0.176477,0.023192,50.046555,2.660958,0.125392,1.014243,2.660958,0.006383,0.007158,0.024538,0.003399,-0.297329
cuboid > 15
0.000245,0.001071,29044.970703,0.768497,0.015656,0.222468,0.768497,0.029201,0.029520,0.000031,-0.029201,0.000000
0.001077,0.020321,11778.843750,1.367599,0.031535,0.415044,1.367599,0.049197,0.049758,0.000148,-0.047364,-0.075155
0.083135,0.207315,1602.203369,10.619733,0.291481,3.434130,10.619733,0.206462,0.213999,0.018575,-0.130452,-1.630193
0.004960,0.114833,5183.928223,2.687000,0.069177,0.836625,2.687000,0.089776,0.091667,0.000707,-0.080419,-0.546697
0.185938,0.036238,15.166451,2.209464,0.103077,0.835669,2.209464,-0.005966,-0.004553,0.027823,0.021814,-0.489131
cuboid > 16
0.000265,0.000437,27861.736328,0.770961,0.016390,0.225328,0.770961,0.029756,0.029886,0.000043,-0.029045,0.000000
0.001115,0.000381,11898.629883,1.385595,0.031489,0.412789,1.385595,0.046620,0.046665,0.000141,-0.046345,0.000000
0.028545,0.079754,1934.772339,4.913627,0.151389,1.660910,4.913627,0.130776,0.134336,0.005276,-0.106985,-0.432088
0.004907,0.026802,5490.481934,2.793301,0.063758,0.834352,2.793301,0.074812,0.075263,0.000627,-0.073062,-0.103514
0.236081,0.032308,27.259598,2.696830,0.124059,1.006933,2.696830,-0.006652,-0.005113,0.034171,0.023240,-0.739845
cuboid > 17
0.004794,0.035236,5496.919434,2.678201,0.066670,0.833107,2.678201,0.084233,0.085875,0.000779,-0.077027,-0.257736
0.001059,0.014038,11851.671875,1.339120,0.031043,0.404502,1.339120,0.047485,0.047740,0.000136,-0.046472,-0.040383
0.242198,0.042713,59.219372,3.203053,0.156033,1.230544,3.203053,0.006760,0.008719,0.036160,0.013844,-0.694181
0.000245,0.002393,27931.453125,0.745416,0.015563,0.217227,0.745416,0.028626,0.028795,0.000031,-0.028585,0.000000
0.023875,0.061317,1930.930298,4.199422,0.138214,1.469169,4.199422,0.127368,0.131011,0.004049,-0.109805,-0.385854
cuboid > 18
0.001053,0.020893,11984.237305,1.274377,0.033112,0.416129,1.274377,0.055941,0.057544,0.000180,-0.052099,-0.040824
6.444300,1.859376,10.102313,12.844617,2.454477,4.018649,12.844617,-0.743802,-0.723539,0.934040,1.059868,-337.186249
0.008691,0.043363,3976.481445,2.996994,0.093292,1.043347,2.996994,0.113343,0.117349,0.001809,-0.094696,-0.075187
0.259948,0.052453,102.612114,3.608019,0.167920,1.366502,3.608019,0.015667,0.018215,0.038516,0.009368,-0.406619
0.000271,0.004581,25591.458984,0.735827,0.016728,0.229266,0.735827,0.032430,0.033201,0.000040,-0.031824,0.000000
cuboid > 19
0.278261,0.048761,67.028473,3.424617,0.178104,1.325014,3.424617,0.016941,0.019496,0.041200,0.010304,-0.831542
0.000772,0.016982,12332.732422,1.015547,0.027157,0.335220,1.015547,0.046304,0.047317,0.000112,-0.044422,-0.045171
0.000268,0.008552,25909.681641,0.726081,0.016497,0.229300,0.726081,0.033430,0.034591,0.000041,-0.032626,0.000000
0.004158,0.050253,5719.754395,2.411469,0.067399,0.809024,2.411469,0.095435,0.098808,0.000770,-0.084601,-0.118960
0.036475,0.133447,2057.456055,6.478066,0.196497,2.207762,6.478066,0.181098,0.188417,0.007778,-0.132857,-0.516406
cuboid > 20
0.004890,0.039895,5242.046875,2.512050,0.065247,0.801995,2.512050,0.082182,0.084062,0.000748,-0.076539,-0.216933
0.049684,0.065139,1687.978882,7.318259,0.210175,2.429707,7.318259,0.160098,0.165212,0.008485,-0.129328,-0.430704
0.260135,0.046537,65.814064,3.431533,0.177256,1.348913,3.431533,0.016650,0.019030,0.038109,0.006656,-0.676248
0.000893,0.003787,11640.555664,1.062036,0.028524,0.342196,1.062036,0.045424,0.045896,0.000133,-0.043780,0.000000
0.000242,0.004194,27064.890625,0.705392,0.015424,0.214051,0.705392,0.029825,0.030437,0.000032,-0.029635,0.000000
cuboid > 21
0.000241,0.000455,27471.236328,0.721851,0.015397,0.211741,0.721851,0.028178,0.028314,0.000030,-0.028178,0.000000
0.001069,0.000631,11344.481445,1.264384,0.030781,0.389117,1.264384,0.046450,0.046638,0.000149,-0.045472,0.000000
0.037843,0.045046,1739.519775,5.557370,0.172610,1.897414,5.557370,0.134281,0.137006,0.006386,-0.114251,-0.233702
0.005153,0.022873,5166.821289,2.607736,0.065404,0.809258,2.607736,0.077751,0.078392,0.000711,-0.074136,-0.082210
0.216613,0.037344,38.348213,2.721799,0.124138,1.014146,2.721799,-0.001879,-0.000382,0.031872,0.018719,-0.760209
cuboid > 22
0.002418,0.008819,6979.091797,1.660407,0.046312,0.532969,1.660407,0.063873,0.064419,0.000346,-0.060581,0.000000
0.000218,0.006592,31924.236328,0.713938,0.013647,0.209961,0.713938,0.028178,0.029161,0.000030,-0.028178,0.000000
0.070087,0.173098,1921.744385,9.415957,0.292302,3.233572,9.415957,0.241450,0.258399,0.021499,-0.128844,-1.468787
0.131736,0.046398,14.900459,1.969850,0.089637,0.740486,1.969850,0.001983,0.003948,0.021982,0.017323,-0.466733
0.000570,0.008388,16924.814453,0.962891,0.023631,0.294792,0.962891,0.040120,0.040415,0.000079,-0.038858,0.000000
cuboid > 23
0.000963,0.028662,15453.648438,1.276328,0.033292,0.410330,1.276328,0.057799,0.060042,0.000247,-0.051741,0.000000
0.003036,0.017455,6642.574707,2.068596,0.054750,0.669461,2.068596,0.077526,0.079893,0.000474,-0.071444,0.000000
0.049926,0.164213,2001.920288,7.922455,0.219794,2.592798,7.922455,0.178793,0.186746,0.011491,-0.123814,-0.656721
0.000244,0.011968,28816.677734,0.816411,0.015027,0.244681,0.816411,0.033574,0.035359,0.000034,-0.033574,0.000000
0.159034,0.045947,18.069925,2.199486,0.101096,0.817058,2.199486,0.001610,0.003794,0.025844,0.019330,-1.085300
cuboid > 24
0.000246,0.000186,26452.755859,0.716181,0.015718,0.212356,0.716181,0.028514,0.028570,0.000030,-0.028514,0.000000
0.000774,0.002836,14471.981445,1.205016,0.027852,0.360931,1.205016,0.044656,0.044917,0.000106,-0.043515,0.000000
0.037679,0.077259,2112.573486,6.152487,0.180972,2.063283,6.152487,0.153646,0.160678,0.009598,-0.111475,-0.352236
0.002649,0.027049,7088.758301,1.938017,0.048375,0.606158,1.938017,0.066337,0.067285,0.000357,-0.063550,-0.109262
0.167420,0.037198,26.150425,2.357453,0.109005,0.884528,2.357453,0.003325,0.005558,0.027443,0.018812,-0.868946
cuboid > 25
0.000695,0.019008,14672.501953,1.100067,0.026402,0.362356,1.100067,0.050753,0.053552,0.000120,-0.048106,0.000000
0.158055,0.045498,30.840218,2.503907,0.112824,0.923787,2.503907,0.009340,0.011727,0.026084,0.013537,-0.706550
0.003310,0.027408,7014.190430,2.378963,0.059638,0.769140,2.378963,0.087225,0.090759,0.000551,-0.079621,-0.007478
0.000228,0.009283,27020.794922,0.645404,0.014264,0.202907,0.645404,0.029361,0.030369,0.000033,-0.029099,0.000000
0.028131,0.072317,2272.522705,5.422769,0.169402,1.885734,5.422769,0.163283,0.169999,0.006105,-0.125172,-0.580639
cuboid > 26
0.000606,0.040845,15961.901367,0.988841,0.024584,0.315746,0.988841,0.044542,0.045682,0.000104,-0.041724,-0.093666
0.043819,0.118136,2277.187500,8.301912,0.235824,2.771256,8.301912,0.214034,0.223920,0.010562,-0.148570,-1.086494
0.003862,0.092796,6887.316895,2.700145,0.068210,0.881158,2.700145,0.102801,0.108094,0.000683,-0.091368,-0.196054
0.000231,0.010839,29113.394531,0.736956,0.014497,0.215681,0.736956,0.028842,0.029550,0.000030,-0.028842,0.000000
0.165508,0.040491,33.915195,2.411542,0.118052,0.915495,2.411542,0.011944,0.014511,0.026441,0.010908,-0.985796
cuboid > 27
0.000238,0.000797,27578.769531,0.703537,0.015226,0.209024,0.703537,0.028178,0.028416,0.000030,-0.028178,0.000000
0.001055,0.013106,12713.745117,1.357967,0.031718,0.416734,1.357967,0.050844,0.051726,0.000145,-0.049214,-0.029447
0.050723,0.090494,1902.660034,8.127878,0.217717,2.611281,8.127878,0.171559,0.179469,0.009728,-0.133700,-0.866538
0.005318,0.081902,5630.623047,3.049973,0.075939,0.968375,3.049973,0.102735,0.107933,0.000945,-0.091393,-0.151484
0.163696,0.045548,33.513206,2.387230,0.111012,0.894757,2.387230,0.008196,0.010454,0.026157,0.012482,-0.903616
cuboid > 28
0.000239,0.000619,27703.560547,0.723755,0.015315,0.211936,0.723755,0.028178,0.028363,0.000030,-0.028178,0.000000
0.000776,0.018546,12033.954102,1.002955,0.025867,0.319812,1.002955,0.042828,0.043503,0.000099,-0.042053,-0.044321
0.081936,0.202616,1620.338013,10.451035,0.297800,3.447994,10.451035,0.227958,0.241011,0.018168,-0.141799,-1.236074
0.006059,0.055246,5252.116699,2.657894,0.077449,0.873678,2.657894,0.098245,0.101346,0.001513,-0.081061,-0.127301
0.128183,0.033219,15.364344,1.863114,0.085489,0.691916,1.863114,0.003119,0.005131,0.021073,0.014755,-0.638121
cuboid > 29
0.000244,0.000000,28662.857422,0.765572,0.015625,0.218750,0.765572,0.028178,0.028178,0.000030,-0.028178,0.000000
0.001257,0.000000,12318.736328,1.539503,0.033381,0.450893,1.539503,0.048244,0.048244,0.000154,-0.048244,0.000000
0.028750,0.012203,9.197193,0.677983,0.032165,0.255645,0.677983,0.006901,0.007602,0.004368,-0.002414,-0.133894
0.008055,0.130508,4618.095215,3.678551,0.098730,1.216237,3.678551,0.128643,0.138843,0.001562,-0.109646,-0.106828
0.154323,0.296478,1144.701050,14.942841,0.427040,4.944013,14.942841,0.265008,0.283308,0.030025,-0.156609,-2.754459
cuboid > 30
0.001298,0.059646,11861.440430,1.514741,0.038083,0.484858,1.514741,0.065646,0.068480,0.000283,-0.056675,-0.198911
0.128782,0.333389,1367.581177,14.270004,0.395329,4.656745,14.270004,0.264600,0.284520,0.026772,-0.157174,-2.479432
0.009484,0.077325,4632.075195,4.111515,0.099203,1.273274,4.111515,0.117873,0.122486,0.001805,-0.100161,-0.377429
0.035877,0.016562,10.934291,0.838763,0.038153,0.309680,0.838763,0.006968,0.007697,0.005262,-0.002312,-0.153675
0.000296,0.002232,29614.203125,0.869320,0.018973,0.261161,0.869320,0.036229,0.036895,0.000044,-0.034891,0.000000
cuboid > 31
0.008350,0.048516,4624.131348,3.689306,0.084433,1.091481,3.689306,0.091570,0.092625,0.001124,-0.085727,-0.334795
0.000796,0.001359,11006.272461,0.977422,0.025815,0.313859,0.977422,0.040803,0.041210,0.000100,-0.040803,0.000000
0.046753,0.013042,9.926376,0.931650,0.040058,0.339622,0.931650,0.004493,0.005263,0.007007,0.000818,-0.152067
0.153562,0.323290,1225.414795,15.843881,0.413965,5.059499,15.843881,0.252916,0.271572,0.030319,-0.150358,-1.330292
0.000244,0.000000,27172.875000,0.725786,0.015625,0.212629,0.725786,0.028178,0.028178,0.000030,-0.028178,0.000000
cuboid > 32
0.000237,0.000944,27770.720703,0.704489,0.015153,0.209207,0.704489,0.028178,0.028460,0.000030,-0.028178,0.000000
0.001231,0.000269,11769.984375,1.471577,0.033001,0.437769,1.471577,0.048240,0.048320,0.000154,-0.047977,0.000000
0.030793,0.015515,10.638832,0.733577,0.034845,0.277255,0.733577,0.007874,0.008700,0.005003,-0.002150,-0.187674
0.012147,0.144792,4751.794922,4.040865,0.113900,1.329791,4.040865,0.130860,0.138184,0.004205,-0.090456,-3.168373
0.181912,0.255298,1171.227661,16.937567,0.439857,5.352482,16.937567,0.235792,0.250077,0.034156,-0.139388,-1.582912
cuboid > 33
0.000249,0.000569,27869.042969,0.736376,0.015910,0.217674,0.736376,0.029205,0.029375,0.000033,-0.028864,0.000000
0.001231,0.020262,11595.414062,1.456528,0.034055,0.452936,1.456528,0.056366,0.058315,0.000197,-0.053360,0.000000
0.033582,0.015617,15.428557,0.837468,0.038205,0.311313,0.837468,0.009443,0.010350,0.005375,-0.003145,-0.196977
0.007404,0.075212,5090.823730,3.360777,0.088226,1.085011,3.360777,0.111387,0.115401,0.001738,-0.091787,-0.186728
0.083183,0.194971,1625.123779,10.885292,0.299339,3.558933,10.885292,0.219449,0.233116,0.017700,-0.143944,-1.762128
cuboid > 34
0.001165,0.009054,11302.196289,1.312589,0.034892,0.411216,1.312589,0.054795,0.055471,0.000179,-0.051748,0.000000
0.000248,0.000551,28267.173828,0.758676,0.015901,0.218199,0.758676,0.029173,0.029337,0.000031,-0.029173,0.000000
0.079737,0.209911,1696.407959,10.767589,0.296526,3.502777,10.767589,0.228265,0.244220,0.017198,-0.146599,-0.762971
0.007766,0.110130,4912.555664,3.742737,0.094334,1.220927,3.742737,0.126950,0.135245,0.001614,-0.104510,-0.032951
0.045289,0.016888,14.248668,0.973304,0.038383,0.339471,0.973304,0.005356,0.006197,0.006872,-0.000009,-0.142150
cuboid > 35
0.000244,0.000000,27971.304688,0.747105,0.015625,0.215909,0.747105,0.028178,0.028178,0.000030,-0.028178,0.000000
0.000863,0.016602,11066.868164,1.046711,0.027025,0.329897,1.046711,0.042700,0.042991,0.000108,-0.041874,-0.085050
0.030287,0.011920,11.775864,0.729994,0.032110,0.261969,0.729994,0.006429,0.007211,0.004918,-0.001092,-0.193723
0.005180,0.056060,5135.108398,2.493120,0.068184,0.799917,2.493120,0.086441,0.088708,0.001060,-0.075740,-0.207751
0.065145,0.163626,1719.586304,9.559032,0.261326,3.113215,9.559032,0.207587,0.220432,0.013406,-0.145436,-0.396452
