cuboid > 1
0.001752,0.002394,9840.359375,1.723982,0.040226,0.526063,1.723982,0.058297,0.059014,0.000265,-0.054910,0.000000
0.079450,0.004523,12.807033,1.078619,0.058933,0.441412,1.078619,0.000560,0.000780,0.010189,0.001629,-0.057818
0.000256,0.001480,28695.333984,0.781843,0.016365,0.230592,0.781843,0.030848,0.031289,0.000032,-0.030848,0.000000
0.009936,0.066845,3974.197021,3.794936,0.092895,1.169645,3.794936,0.103547,0.105632,0.001543,-0.091641,-0.472341
0.088923,0.109552,1085.798584,8.616688,0.246178,2.768937,8.616688,0.139434,0.141278,0.012286,-0.120673,-1.014491
cuboid > 2
0.001059,0.000194,11174.029297,1.275966,0.030420,0.387249,1.275966,0.045473,0.045531,0.000137,-0.044923,0.000000
0.090504,0.005263,23.447569,1.402046,0.067589,0.540305,1.402046,0.001413,0.001613,0.011517,0.000752,-0.097965
0.003813,0.006885,5221.185059,2.083293,0.054596,0.651753,2.083293,0.068672,0.069420,0.000537,-0.065471,-0.027263
0.000246,0.000297,28274.291016,0.755827,0.015773,0.219001,0.755827,0.028714,0.028802,0.000032,-0.028536,0.000000
0.030877,0.040308,1978.567749,5.402232,0.146247,1.723579,5.402232,0.113878,0.114732,0.004244,-0.106442,-0.162926
cuboid > 3
0.004448,0.021909,5066.928711,2.370317,0.061293,0.754381,2.370317,0.077839,0.079353,0.000640,-0.073114,-0.100289
0.000242,0.000921,28045.802734,0.737707,0.015496,0.216243,0.737707,0.028776,0.029051,0.000031,-0.028677,0.000000
0.112681,0.006000,71.987221,1.954503,0.108506,0.794705,1.954503,0.020037,0.020418,0.014210,-0.017393,-0.059970
0.029168,0.034145,1844.208374,4.835080,0.138834,1.582624,4.835080,0.112518,0.114040,0.003905,-0.105331,-0.123902
0.000857,0.013396,10698.767578,0.995626,0.026852,0.325105,0.995626,0.044396,0.045261,0.000137,-0.042531,-0.026961
cuboid > 4
0.111157,0.013289,64.783112,1.912550,0.117958,0.781804,1.912550,0.033159,0.034358,0.014409,-0.025624,-0.139757
0.000969,0.033054,11658.209961,1.192576,0.032176,0.395819,1.192576,0.055653,0.057142,0.000188,-0.050363,-0.088492
0.028858,0.079891,1988.438477,5.270813,0.156342,1.767099,5.270813,0.146887,0.152475,0.004820,-0.120165,-0.352734
0.004290,0.073052,5571.074219,2.433026,0.068261,0.809222,2.433026,0.096621,0.099963,0.000872,-0.082090,-0.287688
0.000293,0.006627,26751.076172,0.794102,0.017662,0.249845,0.794102,0.036012,0.037433,0.000050,-0.034577,0.000000
cuboid > 5
0.001008,0.040695,12133.076172,1.265332,0.031420,0.403775,1.265332,0.054719,0.056604,0.000162,-0.051067,-0.074874
0.115170,0.015073,47.561844,1.804875,0.106731,0.726812,1.804875,0.022972,0.023893,0.014972,-0.015882,-0.138381
0.005233,0.105077,5526.335938,2.886791,0.079117,0.947524,2.886791,0.114658,0.120060,0.001131,-0.093388,-0.564040
0.000256,0.007938,26632.523438,0.700296,0.016176,0.218625,0.700296,0.031281,0.031965,0.000039,-0.030471,0.000000
0.034593,0.145471,1944.674683,6.025324,0.184028,2.025238,6.025324,0.170144,0.176156,0.006283,-0.129775,-1.284974
cuboid > 6
0.000241,0.001810,28143.240234,0.747464,0.015444,0.220197,0.747464,0.029484,0.030024,0.000031,-0.029484,0.000000
0.001238,0.001767,11440.123047,1.510476,0.033607,0.450805,1.510476,0.050179,0.050618,0.000159,-0.049627,0.000000
0.006225,0.018470,5190.141602,3.187503,0.075343,0.975036,3.187503,0.090573,0.092913,0.001007,-0.082765,-0.071861
0.105650,0.004612,43.952854,1.603103,0.090677,0.649302,1.603103,0.010688,0.010955,0.013313,-0.008794,-0.046056
0.037510,0.039813,1839.707520,6.093398,0.159246,1.914268,6.093398,0.116735,0.118123,0.004929,-0.109556,-0.180981
cuboid > 7
0.001001,0.000529,11462.879883,1.223255,0.028995,0.371846,1.223255,0.043711,0.043869,0.000123,-0.043711,0.000000
0.005354,0.004889,5128.462402,2.685804,0.063520,0.811810,2.685804,0.071910,0.072042,0.000658,-0.071389,-0.040348
0.000244,0.000000,28662.767578,0.765573,0.015625,0.218750,0.765573,0.028178,0.028178,0.000030,-0.028178,0.000000
0.065691,0.002850,17.047401,1.005440,0.047690,0.376864,1.005440,0.000475,0.000599,0.008255,0.000699,-0.111495
0.043070,0.017505,1761.601318,6.537498,0.167111,2.031992,6.537498,0.114307,0.115130,0.005502,-0.109610,-0.215626
cuboid > 8
0.000252,0.003989,27881.205078,0.793820,0.015824,0.229388,0.793820,0.029977,0.030274,0.000031,-0.029977,0.000000
0.001398,0.021232,11742.416992,1.673822,0.037445,0.510566,1.673822,0.059696,0.061632,0.000242,-0.055123,-0.060189
0.109128,0.147648,1270.930542,10.772532,0.326297,3.547004,10.772532,0.201159,0.205880,0.021524,-0.129344,-2.240024
0.009160,0.071304,4432.177246,3.827673,0.097694,1.171953,3.827673,0.110642,0.111908,0.001579,-0.094490,-1.045989
0.190977,0.024954,15.702030,2.059149,0.105208,0.814365,2.059149,-0.009539,-0.008673,0.026106,0.019835,-0.273661
cuboid > 9
0.000243,0.000440,27675.601562,0.737231,0.015537,0.214272,0.737231,0.028179,0.028211,0.000030,-0.028179,0.000000
0.000896,0.005145,11583.065430,1.103723,0.027387,0.341051,1.103723,0.041999,0.042068,0.000111,-0.041850,0.000000
0.219413,0.023114,27.734236,2.526139,0.121423,0.973038,2.526139,-0.008844,-0.007817,0.030100,0.020831,-0.445140
0.002947,0.007082,5564.904785,1.737124,0.047596,0.555636,1.737124,0.060743,0.060884,0.000380,-0.059529,-0.026928
0.038592,0.097591,1840.450073,5.813159,0.185256,1.966763,5.813159,0.150289,0.153497,0.007502,-0.115819,-1.507657
cuboid > 10
0.003404,0.014701,5476.239258,1.939085,0.055641,0.641173,1.939085,0.072846,0.073635,0.000498,-0.068519,-0.110818
0.000249,0.004759,26896.830078,0.725199,0.015405,0.218045,0.725199,0.029645,0.030172,0.000033,-0.029519,0.000000
0.000792,0.000982,11731.276367,0.997482,0.026173,0.318697,0.997482,0.041480,0.041718,0.000101,-0.041094,0.000000
0.282707,0.033334,104.102203,3.783192,0.210916,1.536418,3.783192,0.026894,0.028591,0.038320,-0.010581,-0.291405
0.026115,0.030411,1936.619873,4.437551,0.139314,1.516059,4.437551,0.119629,0.121465,0.004019,-0.106415,-0.396217
cuboid > 11
0.000933,0.014413,12152.973633,1.167835,0.032088,0.390779,1.167835,0.054389,0.055661,0.000166,-0.050062,-0.025204
0.004461,0.052244,5704.008301,2.520925,0.070744,0.840164,2.520925,0.094910,0.097024,0.000824,-0.082573,-0.317385
0.304420,0.038202,106.971306,3.754654,0.241063,1.557775,3.754654,0.051335,0.054437,0.041955,-0.025657,-0.586367
0.028841,0.075118,2100.205566,5.578820,0.164765,1.864443,5.578820,0.150004,0.153678,0.004970,-0.121629,-0.694194
0.000266,0.003934,24419.656250,0.680244,0.016608,0.218565,0.680244,0.031879,0.032523,0.000040,-0.031038,0.000000
cuboid > 12
0.000976,0.016407,12265.801758,1.242053,0.032907,0.408839,1.242053,0.056026,0.057515,0.000167,-0.051786,-0.057400
0.031341,0.082690,2060.754395,5.758760,0.174565,1.956827,5.758760,0.156782,0.160947,0.005414,-0.126638,-0.827029
0.004500,0.039385,5658.705566,2.581905,0.072979,0.862932,2.581905,0.099732,0.102433,0.000879,-0.085276,-0.476352
0.000266,0.001920,25326.921875,0.704985,0.016850,0.222454,0.704985,0.032030,0.032603,0.000039,-0.031238,0.000000
0.302684,0.047903,92.667419,3.907064,0.238871,1.620408,3.907064,0.048332,0.051491,0.041958,-0.021472,-0.619671
cuboid > 13
0.000252,0.002882,27650.937500,0.755668,0.016017,0.225750,0.755668,0.030698,0.031262,0.000035,-0.030287,0.000000
0.001014,0.008357,11721.152344,1.278568,0.030791,0.393716,1.278568,0.047786,0.048157,0.000137,-0.046460,-0.039258
0.004401,0.025554,5494.520020,2.497878,0.062137,0.772801,2.497878,0.076548,0.077216,0.000634,-0.072453,-0.182434
0.292991,0.035158,77.674034,3.574321,0.201594,1.466783,3.574321,0.016795,0.018471,0.039251,-0.002078,-0.318439
0.035621,0.050205,1981.999512,6.307836,0.171459,2.017970,6.307836,0.135462,0.137593,0.005583,-0.117485,-0.382661
cuboid > 14
0.000247,0.003106,28116.302734,0.718331,0.015120,0.217179,0.718331,0.029462,0.030306,0.000035,-0.029361,0.000000
0.000848,0.009627,11551.269531,1.063014,0.027412,0.344291,1.063014,0.045589,0.046565,0.000116,-0.044406,0.000000
0.044012,0.107026,1860.640991,6.840884,0.196180,2.215548,6.840884,0.151585,0.154749,0.007647,-0.121680,-1.400606
0.003846,0.029320,5405.485352,2.153045,0.055778,0.682571,2.153045,0.071631,0.072915,0.000540,-0.068441,-0.057577
0.197105,0.023906,21.039709,2.238730,0.102006,0.831344,2.238730,-0.010718,-0.009946,0.027303,0.020384,-0.234548
cuboid > 15
0.000244,0.000000,28662.857422,0.765571,0.015625,0.218750,0.765571,0.028178,0.028178,0.000030,-0.028178,0.000000
0.001803,0.004632,10502.343750,1.948072,0.042367,0.584610,1.948072,0.063243,0.064630,0.000247,-0.061052,0.000000
11.055122,1.105184,-6.675510,1.955269,3.081749,0.762195,1.955269,-1.403275,-1.383152,1.430871,1.608376,-637.308899
0.034432,0.178599,2689.242188,7.685690,0.202335,2.436276,7.685690,0.196708,0.206608,0.006568,-0.145319,-1.288750
0.311469,0.056358,24.113012,3.262459,0.151759,1.235233,3.262459,-0.014611,-0.012574,0.045268,0.037826,-0.500579
cuboid > 16
0.000245,0.005277,28516.921875,0.756675,0.015097,0.221129,0.756675,0.029112,0.029622,0.000032,-0.029112,0.000000
0.001061,0.000144,12222.406250,1.320736,0.030504,0.395358,1.320736,0.045547,0.045590,0.000133,-0.045135,0.000000
0.062488,0.194404,1729.837524,8.544428,0.259022,2.843455,8.544428,0.202106,0.209270,0.013389,-0.136397,-2.168608
0.005114,0.051882,5689.131348,2.726268,0.070701,0.839705,2.726268,0.088443,0.089931,0.001033,-0.077332,-0.405903
0.344249,0.050791,21.804531,3.423008,0.165530,1.303379,3.423008,-0.019123,-0.016989,0.050271,0.043809,-0.926308
cuboid > 17
0.003362,0.027254,5765.445801,2.014782,0.056479,0.667256,2.014782,0.075489,0.076699,0.000499,-0.070665,-0.099436
0.000952,0.007771,12323.858398,1.206618,0.029278,0.375205,1.206618,0.045810,0.046250,0.000128,-0.044804,-0.028258
0.389766,0.065639,73.466103,4.333612,0.216856,1.681518,4.333612,-0.003216,-0.000586,0.057559,0.032096,-1.122296
0.000248,0.001107,26856.388672,0.712568,0.015681,0.214407,0.712568,0.029156,0.029486,0.000033,-0.029003,0.000000
0.017503,0.052091,2121.770752,3.435100,0.114130,1.207917,3.435100,0.109600,0.111541,0.002684,-0.097729,-0.277820
cuboid > 18
0.001250,0.018536,10575.509766,1.279380,0.035275,0.427072,1.279380,0.055534,0.056536,0.000192,-0.052531,-0.059032
8.540570,2.193012,26.945467,14.509459,3.016470,5.131431,14.509459,-1.022789,-0.986808,1.229256,1.442977,-495.927917
0.010202,0.025474,3371.260742,3.136821,0.097423,1.085330,3.136821,0.108176,0.110084,0.001784,-0.095210,-0.192748
0.444576,0.068564,114.130791,4.623764,0.243887,1.819166,4.623764,0.007325,0.010415,0.064177,0.023475,-0.428262
0.000249,0.005930,24818.375000,0.647671,0.015562,0.208547,0.647671,0.030533,0.031310,0.000036,-0.030097,0.000000
cuboid > 19
0.486529,0.079193,80.019890,5.133239,0.260405,1.998356,5.133239,0.002310,0.005510,0.070141,0.028854,-0.873624
0.000752,0.018909,11997.399414,0.939974,0.027457,0.324446,0.939974,0.046762,0.047656,0.000117,-0.044359,-0.074189
0.000267,0.005984,23361.871094,0.638557,0.016442,0.209526,0.638557,0.031783,0.032481,0.000040,-0.030959,0.000000
0.003469,0.028473,5692.951172,2.024811,0.060222,0.696123,2.024811,0.082336,0.084039,0.000550,-0.075456,-0.213036
0.028129,0.039136,2054.056396,5.024295,0.158685,1.755516,5.024295,0.141461,0.145100,0.004821,-0.119699,-0.246803
cuboid > 20
0.004545,0.019629,5402.916016,2.542645,0.064048,0.798907,2.542645,0.079789,0.081015,0.000665,-0.074853,-0.083459
0.034523,0.037356,1976.710571,5.987222,0.168214,1.960394,5.987222,0.134259,0.136494,0.005767,-0.116584,-0.339229
0.447067,0.050224,65.972519,4.642461,0.226258,1.781161,4.642461,-0.014267,-0.012045,0.064029,0.038410,-1.103245
0.000939,0.004377,11415.957031,1.165044,0.028853,0.364835,1.165044,0.045198,0.045691,0.000123,-0.044529,-0.010528
0.000249,0.000714,26088.367188,0.710519,0.015929,0.214224,0.710519,0.029372,0.029585,0.000033,-0.029118,0.000000
cuboid > 21
0.000252,0.007544,25772.828125,0.716483,0.015772,0.217956,0.716483,0.030271,0.030675,0.000031,-0.030271,0.000000
0.000775,0.017955,11359.657227,0.970745,0.026471,0.321905,0.970745,0.045446,0.046594,0.000113,-0.043797,-0.025841
0.039687,0.143809,1919.209473,6.527498,0.186849,2.119408,6.527498,0.154539,0.158626,0.006873,-0.123111,-1.759428
0.004409,0.007261,5409.363770,2.486491,0.061890,0.772791,2.486491,0.077432,0.078509,0.000597,-0.074164,0.000000
0.311770,0.055992,18.727257,3.222068,0.147361,1.197855,3.222068,-0.020677,-0.018695,0.045484,0.041104,-0.898024
cuboid > 22
0.004658,0.081371,5830.177734,2.689679,0.069511,0.824326,2.689679,0.092219,0.094191,0.000767,-0.080159,-0.582217
0.000226,0.002287,26234.875000,0.640958,0.014482,0.198171,0.640958,0.028178,0.028860,0.000030,-0.028178,0.000000
0.113758,0.424324,1478.833496,13.632906,0.397680,4.560979,13.632906,0.296429,0.322237,0.029274,-0.152809,-1.728057
0.315550,0.070657,20.024775,3.774891,0.166025,1.391728,3.774891,-0.011061,-0.007341,0.054636,0.050192,-1.117154
0.001094,0.020657,11449.332031,1.276712,0.031810,0.391331,1.276712,0.049466,0.049940,0.000151,-0.047170,-0.077702
cuboid > 23
0.000993,0.015329,12052.916016,1.288243,0.034057,0.429873,1.288243,0.061681,0.065666,0.000170,-0.057032,0.000000
0.009138,0.077176,4378.903809,3.887912,0.102019,1.273387,3.887912,0.130937,0.137953,0.001702,-0.108875,-0.162708
0.313892,0.392166,991.190430,22.554869,0.669124,7.608910,22.554869,0.348928,0.384693,0.089148,-0.081838,-3.852138
0.000244,0.000000,26972.462891,0.720435,0.015625,0.211805,0.720435,0.028178,0.028178,0.000030,-0.028178,0.000000
0.310207,0.076311,14.346354,3.568625,0.167362,1.349663,3.568625,-0.010724,-0.007037,0.052546,0.048121,-0.882796
cuboid > 24
0.000309,0.020436,25362.017578,0.825360,0.018024,0.259506,0.825360,0.037967,0.039830,0.000060,-0.035862,0.000000
0.000763,0.007410,11190.694336,0.898654,0.025192,0.298392,0.898654,0.041170,0.041709,0.000106,-0.040057,-0.030516
0.068274,0.181554,1954.624634,9.609301,0.281376,3.271018,9.609301,0.238018,0.257703,0.020295,-0.125742,-0.956801
0.002666,0.037444,5607.138184,1.623953,0.047085,0.540243,1.623953,0.066047,0.067296,0.000385,-0.062115,-0.372494
0.331568,0.091412,26.416531,4.289930,0.193213,1.609175,4.289930,-0.004935,-0.000424,0.058021,0.051157,-1.430893
cuboid > 25
0.000666,0.015545,12762.511719,0.876718,0.024941,0.295853,0.876718,0.042318,0.042898,0.000097,-0.040979,0.000000
0.392396,0.081960,29.602655,4.550611,0.212238,1.718477,4.550611,-0.006732,-0.001401,0.065678,0.057973,-1.773359
0.003049,0.018970,5928.033691,1.869769,0.054259,0.631921,1.869769,0.075454,0.076961,0.000453,-0.070530,-0.223786
0.000264,0.009126,25016.025391,0.692117,0.016282,0.219831,0.692117,0.031941,0.032757,0.000040,-0.031236,0.000000
0.055742,0.134621,2000.799438,8.066925,0.246744,2.741910,8.066925,0.206484,0.218681,0.015753,-0.120648,-1.308058
cuboid > 26
0.000870,0.012604,12235.487305,1.130297,0.029821,0.373165,1.130297,0.050789,0.052072,0.000126,-0.048966,0.000000
0.031634,0.096673,2279.695557,5.748261,0.178745,1.969203,5.748261,0.173158,0.183101,0.007769,-0.123209,-0.634408
0.003234,0.024486,5948.047363,2.018345,0.059514,0.690590,2.018345,0.085261,0.087638,0.000500,-0.078642,-0.037060
0.000264,0.011628,24793.521484,0.695410,0.015935,0.222677,0.695410,0.032556,0.033614,0.000039,-0.032015,0.000000
0.445347,0.112911,32.925789,5.089161,0.225045,1.885117,5.089161,-0.015745,-0.010481,0.074416,0.068105,-1.307927
cuboid > 27
0.000242,0.003472,28274.855469,0.730088,0.015212,0.216490,0.730088,0.029036,0.029558,0.000032,-0.028972,0.000000
0.001103,0.013839,12840.408203,1.464378,0.032502,0.440507,1.464378,0.051871,0.052858,0.000145,-0.050637,-0.029107
0.041548,0.142337,1974.042603,6.564997,0.201097,2.225682,6.564997,0.180085,0.189482,0.011639,-0.115233,-1.391728
0.004193,0.009290,5655.828613,2.493412,0.059961,0.766614,2.493412,0.074388,0.075254,0.000557,-0.072123,-0.150165
0.506209,0.083272,26.100840,4.961348,0.224435,1.839420,4.961348,-0.030655,-0.026089,0.082254,0.080585,-1.915639
cuboid > 28
0.000231,0.001635,28518.701172,0.718971,0.014807,0.210574,0.718971,0.028178,0.028666,0.000030,-0.028178,0.000000
0.001061,0.046686,10103.978516,1.302619,0.031067,0.428365,1.302619,0.059019,0.063374,0.000182,-0.055886,0.000000
0.171658,0.250348,1294.603516,16.478128,0.502213,5.583386,16.478128,0.339011,0.363531,0.047617,-0.132517,-2.290953
0.006268,0.103795,4570.869629,2.913046,0.084728,0.966807,2.913046,0.115299,0.119957,0.001183,-0.095410,-0.175638
0.379562,0.097462,16.440752,4.033782,0.187206,1.508920,4.033782,-0.017789,-0.013365,0.063475,0.061855,-1.448184
cuboid > 29
0.000237,0.000863,28920.644531,0.738398,0.015194,0.214436,0.738398,0.028178,0.028436,0.000030,-0.028178,0.000000
0.001162,0.054998,11287.132812,1.438978,0.033378,0.436048,1.438978,0.052644,0.053201,0.000162,-0.049561,-0.162313
0.093585,0.033751,16.376869,1.881966,0.079729,0.688943,1.881966,0.007785,0.009928,0.015271,0.007631,-0.324991
0.007426,0.057133,5062.831543,3.314510,0.088585,1.052816,3.314510,0.109829,0.112931,0.001609,-0.091637,-0.150545
0.104023,0.224040,1599.322632,12.071556,0.342324,4.028064,12.071556,0.245392,0.272167,0.027306,-0.131770,-0.842235
cuboid > 30
0.000924,0.018516,11278.552734,1.164809,0.028862,0.364323,1.164809,0.046330,0.046778,0.000128,-0.045044,0.000000
0.105500,0.317484,1601.403320,13.381862,0.386699,4.517527,13.381862,0.301213,0.330291,0.026827,-0.160013,-1.270799
0.006229,0.042529,4974.722656,3.216681,0.078369,0.998720,3.216681,0.096993,0.099486,0.000956,-0.088806,-0.181529
0.091452,0.036498,19.859304,1.952890,0.080578,0.714967,1.952890,0.010631,0.012899,0.014945,0.005014,-0.188897
0.000259,0.001838,27170.947266,0.748096,0.016544,0.227941,0.748096,0.031493,0.032042,0.000036,-0.030943,0.000000
cuboid > 31
0.004282,0.053312,5238.280273,2.383862,0.061973,0.761308,2.383862,0.081157,0.082990,0.000603,-0.076760,-0.381711
0.000775,0.013087,10836.236328,0.922916,0.025850,0.304330,0.922916,0.043162,0.043943,0.000102,-0.042109,0.000000
0.112970,0.043866,25.052231,2.247695,0.095749,0.828149,2.247695,0.011900,0.014410,0.018071,0.005881,-0.657747
0.065700,0.249265,1794.559204,9.860015,0.261971,3.185110,9.860015,0.207252,0.221671,0.013185,-0.145187,-0.653571
0.000338,0.037028,27701.263672,0.808941,0.018365,0.249953,0.808941,0.038685,0.040051,0.000071,-0.036136,0.000000
cuboid > 32
0.000235,0.001130,25783.257812,0.659150,0.015060,0.201682,0.659150,0.028178,0.028515,0.000030,-0.028178,0.000000
0.000754,0.039000,11570.644531,0.998198,0.026008,0.316000,0.998198,0.043053,0.043481,0.000100,-0.041067,-0.144113
0.116714,0.036442,25.003363,2.386204,0.105977,0.896466,2.386204,0.015501,0.018422,0.019102,0.004825,-0.395882
0.006633,0.051030,5155.217285,3.289807,0.079204,1.010575,3.289807,0.096379,0.098414,0.001033,-0.086138,-0.164393
0.093062,0.205396,1575.510376,11.689908,0.333381,3.858739,11.689908,0.245363,0.262365,0.021024,-0.148820,-2.465188
cuboid > 33
0.000239,0.000628,26128.464844,0.681486,0.015311,0.205427,0.681486,0.028178,0.028365,0.000030,-0.028178,0.000000
0.000964,0.062984,12357.177734,1.167602,0.032452,0.392207,1.167602,0.060330,0.063147,0.000261,-0.051119,-0.204234
0.134841,0.048015,22.072372,2.576244,0.114512,0.962743,2.576244,0.013558,0.016836,0.022010,0.008938,-0.508152
0.005240,0.074075,5184.581543,2.600469,0.066427,0.828889,2.600469,0.087273,0.089873,0.000800,-0.078770,-0.315092
0.122906,0.341875,1382.431396,13.249963,0.376954,4.433355,13.249963,0.262888,0.288703,0.029507,-0.145001,-0.915473
cuboid > 34
0.000885,0.000953,11747.151367,1.146948,0.028019,0.352860,1.146948,0.043706,0.043990,0.000108,-0.043706,0.000000
0.000238,0.000736,28524.361328,0.732810,0.015257,0.213596,0.732810,0.028178,0.028398,0.000030,-0.028178,0.000000
0.173413,0.401388,1142.303345,16.060255,0.482371,5.471322,16.060255,0.319761,0.350436,0.039782,-0.159474,-2.431376
0.011384,0.072446,4766.857422,4.337857,0.117545,1.424334,4.337857,0.147170,0.157436,0.003881,-0.101753,-0.416497
0.188469,0.045362,17.083513,2.864064,0.128349,1.064052,2.864064,0.002292,0.005673,0.030308,0.022519,-0.818553
cuboid > 35
0.000244,0.000000,26127.242188,0.697866,0.015625,0.208333,0.697866,0.028178,0.028178,0.000030,-0.028178,0.000000
0.001318,0.016283,10397.907227,1.258781,0.041694,0.445559,1.258781,0.073003,0.075659,0.000398,-0.059964,0.000000
0.156778,0.048543,15.991660,2.600874,0.121074,0.985138,2.600874,0.007669,0.010935,0.026510,0.018257,-0.678387
0.023217,0.156459,4378.254395,5.927541,0.174097,2.036771,5.927541,0.202977,0.223503,0.011812,-0.110436,-0.485878
0.256086,0.427224,1165.027222,21.773888,0.663022,7.537293,21.773888,0.424004,0.475604,0.080531,-0.111997,-1.674321
