cuboid > 1
0.001047,0.001044,11358.397461,1.296618,0.030261,0.391023,1.296618,0.045724,0.045902,0.000131,-0.045388,0.000000
0.062650,0.005921,20.759775,1.039956,0.050367,0.397723,1.039956,0.001941,0.002128,0.008152,-0.000003,-0.122047
0.000253,0.001942,29185.714844,0.785958,0.015431,0.226908,0.785958,0.029114,0.029695,0.000034,-0.029114,0.000000
0.004816,0.024069,5536.013672,2.822976,0.063595,0.838597,2.822976,0.075918,0.076745,0.000612,-0.074035,-0.129655
0.031693,0.029645,1881.008545,5.324785,0.141302,1.673614,5.324785,0.108520,0.109789,0.004250,-0.101619,-0.205982
cuboid > 2
0.000974,0.002209,11289.169922,1.215460,0.029262,0.374069,1.215460,0.045223,0.045578,0.000124,-0.044837,0.000000
0.074277,0.009272,46.022514,1.366943,0.070915,0.537839,1.366943,0.011690,0.012042,0.009464,-0.009029,-0.088426
0.003637,0.017871,5247.988281,2.057282,0.053626,0.652499,2.057282,0.068360,0.069116,0.000481,-0.066126,-0.045166
0.000246,0.001105,28500.468750,0.759431,0.015665,0.221429,0.759431,0.029185,0.029514,0.000032,-0.029062,0.000000
0.027322,0.037460,1943.534546,4.750942,0.135288,1.556359,4.750942,0.111256,0.112800,0.003978,-0.101626,-0.328003
cuboid > 3
0.004139,0.030019,5075.825195,2.145094,0.063284,0.728595,2.145094,0.088564,0.091726,0.000743,-0.077900,-0.069627
0.000286,0.006261,28166.451172,0.772397,0.016934,0.232710,0.772397,0.032116,0.032732,0.000063,-0.030630,0.000000
0.075242,0.013445,87.812599,1.597155,0.091999,0.647283,1.597155,0.032184,0.032954,0.009820,-0.027336,-0.098455
0.023246,0.036502,1849.298340,3.992958,0.132980,1.409109,3.992958,0.124759,0.128070,0.003455,-0.109974,-0.139943
0.000824,0.013627,10767.152344,0.971165,0.027968,0.327262,0.971165,0.048214,0.049455,0.000143,-0.044773,-0.022014
cuboid > 4
0.062431,0.013495,60.682598,1.182767,0.081103,0.482636,1.182767,0.032053,0.032980,0.008261,-0.025151,-0.115393
0.000872,0.010042,11604.577148,1.076977,0.030518,0.362871,1.076977,0.051800,0.052956,0.000159,-0.047727,-0.021023
0.016068,0.043418,1991.037109,2.930773,0.117394,1.105699,2.930773,0.123960,0.126908,0.003007,-0.101159,-0.390816
0.003493,0.049032,5637.228027,2.010376,0.060992,0.693588,2.010376,0.086971,0.089323,0.000675,-0.075112,-0.285343
0.000265,0.007193,26394.169922,0.719842,0.016702,0.226569,0.719842,0.033003,0.033898,0.000042,-0.031932,0.000000
cuboid > 5
0.000912,0.013710,11600.825195,1.096097,0.029394,0.356604,1.096097,0.048921,0.050064,0.000158,-0.045640,-0.041052
0.049604,0.010771,43.309555,1.002310,0.061446,0.406518,1.002310,0.020264,0.020905,0.006497,-0.016515,-0.072680
0.003363,0.031230,5460.576172,1.900027,0.053668,0.628929,1.900027,0.073543,0.075357,0.000554,-0.067329,-0.177223
0.000268,0.002070,27694.972656,0.739343,0.016267,0.222980,0.739343,0.030668,0.031193,0.000049,-0.029758,0.000000
0.019111,0.048492,1936.760254,3.473326,0.120993,1.244379,3.473326,0.118661,0.121965,0.002905,-0.104182,-0.166452
cuboid > 6
0.000236,0.001344,28110.425781,0.715826,0.015087,0.211489,0.715826,0.028421,0.028822,0.000030,-0.028421,0.000000
0.000991,0.004623,11392.371094,1.218031,0.029344,0.372630,1.218031,0.044774,0.044939,0.000124,-0.044303,-0.030705
0.003635,0.016588,5424.706543,2.109220,0.052861,0.653490,2.109220,0.066326,0.066813,0.000466,-0.064645,-0.130810
0.035230,0.005301,30.283632,0.795143,0.041764,0.318876,0.795143,0.008899,0.009079,0.004578,-0.007564,-0.084995
0.029065,0.019940,1840.989136,4.738803,0.135594,1.553889,4.738803,0.105403,0.106111,0.003686,-0.102014,-0.180407
cuboid > 7
0.001137,0.000000,11060.281250,1.349134,0.031520,0.403331,1.349134,0.046334,0.046334,0.000143,-0.046041,0.000000
0.004730,0.061238,5100.561035,2.463408,0.058807,0.743194,2.463408,0.069702,0.070117,0.000606,-0.066892,-0.176616
0.000244,0.000000,28190.800781,0.752962,0.015625,0.216811,0.752962,0.028178,0.028178,0.000030,-0.028178,0.000000
0.024045,0.001479,12.849402,0.489931,0.025905,0.193232,0.489931,0.003303,0.003342,0.003008,-0.002892,-0.028166
0.028346,0.053372,1667.309570,3.986745,0.129013,1.364569,3.986745,0.100640,0.101119,0.003716,-0.096232,-0.300942
cuboid > 8
0.000242,0.000257,28139.664062,0.744875,0.015496,0.215407,0.744875,0.028178,0.028255,0.000030,-0.028178,0.000000
0.000948,0.003053,11586.759766,1.170204,0.029385,0.365885,1.170204,0.046304,0.046793,0.000134,-0.044829,0.000000
0.044308,0.064378,1789.885742,6.912808,0.193323,2.242220,6.912808,0.148897,0.152189,0.007506,-0.121657,-0.536331
0.006217,0.025402,5206.733887,3.199136,0.077005,0.985659,3.199136,0.093231,0.095130,0.001030,-0.084030,-0.145534
0.105714,0.018967,20.414120,1.479529,0.068887,0.557701,1.479529,-0.001334,-0.000763,0.015669,0.009178,-0.402780
cuboid > 9
0.000249,0.004964,28682.921875,0.757140,0.015582,0.224365,0.757140,0.030233,0.030877,0.000036,-0.029806,0.000000
0.001005,0.006014,11496.595703,1.267579,0.031087,0.397327,1.267579,0.050269,0.051197,0.000148,-0.048098,0.000000
0.142062,0.028728,55.522331,2.385392,0.120145,0.947401,2.385392,0.014249,0.015449,0.020632,-0.003102,-0.599995
0.003781,0.024070,5382.698242,2.188771,0.058129,0.700624,2.188771,0.077023,0.078550,0.000580,-0.071020,-0.212024
0.028334,0.036570,1960.293579,4.827599,0.140557,1.593276,4.827599,0.117186,0.118973,0.004125,-0.105441,-0.386752
cuboid > 10
0.004539,0.035258,5113.928711,2.313059,0.068109,0.779718,2.313059,0.091942,0.094459,0.000816,-0.079649,-0.153831
0.000276,0.003520,26679.648438,0.791280,0.017163,0.240767,0.791280,0.033354,0.034200,0.000045,-0.032327,0.000000
0.000763,0.009845,11342.923828,0.909878,0.027170,0.311816,0.909878,0.045932,0.046804,0.000147,-0.042393,-0.046154
0.148575,0.032786,88.076599,2.454161,0.151841,1.021680,2.454161,0.045010,0.047294,0.021474,-0.027633,-0.468924
0.029424,0.053032,1858.555786,4.876038,0.159514,1.704875,4.876038,0.147691,0.152256,0.005159,-0.119359,-0.307811
cuboid > 11
0.000897,0.007369,12072.593750,1.115980,0.031617,0.374357,1.115980,0.052710,0.053632,0.000164,-0.048132,-0.047883
0.004441,0.032813,5825.439941,2.502947,0.073281,0.843617,2.502947,0.100515,0.103141,0.000973,-0.083358,-0.155153
0.132204,0.031260,76.236656,1.796795,0.127434,0.748948,1.796795,0.041134,0.042819,0.019059,-0.024871,-0.396520
0.019123,0.059528,2194.144531,3.908564,0.134456,1.388988,3.908564,0.138640,0.142296,0.003710,-0.109217,-0.507265
0.000275,0.006847,25924.224609,0.717571,0.017115,0.230479,0.717571,0.033895,0.034887,0.000045,-0.032603,0.000000
cuboid > 12
0.000781,0.008889,11353.625977,0.972469,0.026430,0.314650,0.972469,0.043037,0.043526,0.000107,-0.041743,-0.022147
0.025547,0.084179,1949.114136,4.675353,0.151340,1.628048,4.675353,0.146077,0.151510,0.004552,-0.117622,-0.656632
0.003639,0.028585,5519.319824,2.084952,0.058099,0.672493,2.084952,0.077804,0.079139,0.000590,-0.070362,-0.125319
0.000246,0.000475,27238.283203,0.738192,0.015752,0.216833,0.738192,0.028836,0.028978,0.000031,-0.028790,0.000000
0.117538,0.027827,60.561974,1.865505,0.121621,0.791622,1.865505,0.035998,0.038251,0.018082,-0.018676,-0.369253
cuboid > 13
0.000250,0.007579,28152.017578,0.766494,0.015538,0.224928,0.766494,0.030287,0.030874,0.000032,-0.030188,0.000000
0.000942,0.030493,11693.809570,1.235418,0.029292,0.389097,1.235418,0.049960,0.051708,0.000133,-0.048254,-0.033496
0.003715,0.025919,5476.527344,2.158870,0.054854,0.680898,2.158870,0.071764,0.073268,0.000518,-0.068098,-0.092141
0.108488,0.018440,42.742779,1.716477,0.094568,0.711850,1.716477,0.010843,0.011626,0.015686,-0.002509,-0.326223
0.028373,0.028264,1875.760498,4.752313,0.144620,1.606169,4.752313,0.122007,0.124209,0.004192,-0.110114,-0.155146
cuboid > 14
0.000238,0.000781,29905.705078,0.755413,0.015234,0.217188,0.755413,0.028178,0.028411,0.000030,-0.028178,0.000000
0.000981,0.007947,11520.389648,1.207471,0.029668,0.372380,1.207471,0.046178,0.046517,0.000135,-0.044765,-0.066038
0.026999,0.055926,1872.872925,4.346194,0.143929,1.482283,4.346194,0.126742,0.128801,0.004599,-0.104303,-0.464866
0.004084,0.012018,5077.484863,2.075456,0.058220,0.662408,2.075456,0.073477,0.074114,0.000632,-0.067510,-0.150370
0.072896,0.015636,15.616554,1.026834,0.053717,0.413170,1.026834,0.001342,0.001901,0.010495,0.004776,-0.210229
cuboid > 15
0.000244,0.000563,28773.964844,0.767468,0.015625,0.220861,0.767468,0.028686,0.028854,0.000030,-0.028686,0.000000
0.001018,0.013253,11094.416992,1.224683,0.030969,0.377701,1.224683,0.048476,0.048916,0.000146,-0.046265,-0.056063
0.038282,0.113871,1823.468506,6.026369,0.187557,2.036665,6.026369,0.160258,0.164409,0.007345,-0.122489,-0.561088
0.006328,0.010604,5115.809082,3.154345,0.078426,0.979350,3.154345,0.094201,0.095906,0.001049,-0.084838,-0.023937
0.090021,0.019914,20.716106,1.385456,0.064231,0.509179,1.385456,0.002934,0.003644,0.013278,0.005501,-0.431719
cuboid > 16
0.000251,0.001459,28442.224609,0.764668,0.016049,0.225501,0.764668,0.030259,0.030694,0.000035,-0.029858,0.000000
0.000956,0.007021,11265.410156,1.190119,0.029719,0.371650,1.190119,0.047177,0.047709,0.000128,-0.045921,-0.015386
0.032504,0.065370,1908.023438,5.298098,0.160922,1.784813,5.298098,0.136159,0.139256,0.005915,-0.110998,-0.656679
0.004046,0.023364,5477.664062,2.263986,0.059147,0.713703,2.263986,0.075401,0.076342,0.000578,-0.070915,-0.222510
0.105617,0.028982,36.466854,1.850733,0.089906,0.711076,1.850733,0.009650,0.010522,0.015606,0.000385,-0.343295
cuboid > 17
0.003707,0.026653,5606.126953,2.223155,0.060046,0.726754,2.223155,0.081606,0.083522,0.000577,-0.074692,-0.130292
0.000863,0.021200,11623.692383,1.074614,0.028139,0.348406,1.074614,0.046832,0.047782,0.000130,-0.044701,-0.076146
0.123090,0.026410,50.820667,2.050740,0.105864,0.801211,2.050740,0.018904,0.020351,0.017735,-0.006101,-0.345282
0.000255,0.006065,26485.509766,0.697798,0.015632,0.216058,0.697798,0.030433,0.031148,0.000036,-0.030140,0.000000
0.026272,0.095183,2119.488281,4.904544,0.150827,1.680745,4.904544,0.143734,0.148721,0.004910,-0.114811,-0.405166
cuboid > 18
0.001006,0.014425,11748.909180,1.217710,0.033481,0.405782,1.217710,0.056447,0.057895,0.000187,-0.051200,-0.040738
5.582602,2.348437,4.165518,6.397268,2.235056,1.931250,6.397268,-0.599856,-0.575703,0.742388,0.840977,-277.901978
0.007292,0.027693,4047.608643,2.568223,0.080356,0.885430,2.568223,0.097875,0.100389,0.001426,-0.082248,-0.222432
0.109303,0.030696,69.589401,1.694812,0.097487,0.672296,1.694812,0.021178,0.022444,0.016317,-0.007368,-0.246000
0.000275,0.003830,25752.111328,0.738700,0.017153,0.232378,0.738700,0.033443,0.034297,0.000044,-0.032390,0.000000
cuboid > 19
0.116533,0.030793,38.135868,1.821909,0.108849,0.749604,1.821909,0.021526,0.023287,0.017319,-0.006617,-0.432195
0.000825,0.014649,11398.339844,1.027812,0.027439,0.331737,1.027812,0.045208,0.045929,0.000125,-0.042967,-0.048599
0.000271,0.006920,28004.181641,0.773302,0.016531,0.235080,0.773302,0.033082,0.034164,0.000050,-0.031670,0.000000
0.003389,0.031370,5287.667480,1.779677,0.054508,0.608275,1.779677,0.076388,0.078961,0.000743,-0.067130,-0.118558
0.035450,0.080664,1940.695801,5.988141,0.180715,2.026462,5.988141,0.162968,0.170344,0.006613,-0.126202,-0.292509
cuboid > 20
0.004024,0.088034,5410.736328,2.307517,0.063512,0.758780,2.307517,0.092532,0.096432,0.000749,-0.079643,-0.402250
0.032418,0.112613,1987.598755,5.706983,0.169455,1.904876,5.706983,0.153840,0.158831,0.005560,-0.122912,-0.695100
0.106421,0.022483,35.527897,1.678810,0.090396,0.678173,1.678810,0.010191,0.011287,0.015447,-0.000548,-0.400296
0.000805,0.031148,11140.120117,1.047705,0.027037,0.345292,1.047705,0.049119,0.050983,0.000123,-0.046830,-0.047016
0.000260,0.013052,28775.082031,0.787933,0.015992,0.236501,0.787933,0.033323,0.034547,0.000038,-0.032782,0.000000
cuboid > 21
0.000248,0.016776,30033.222656,0.762592,0.015033,0.228619,0.762592,0.032627,0.033952,0.000037,-0.032036,0.000000
0.000766,0.045717,11288.690430,1.012601,0.026982,0.331293,1.012601,0.048234,0.049689,0.000110,-0.045653,-0.131185
0.040085,0.072881,1792.969971,5.807930,0.186323,1.983382,5.807930,0.157043,0.161060,0.007980,-0.116984,-0.782112
0.004489,0.017672,5294.051758,2.316956,0.065973,0.765983,2.316956,0.088335,0.090771,0.000824,-0.077455,0.000000
0.069903,0.020317,15.187203,1.058108,0.057753,0.424794,1.058108,0.004585,0.005356,0.010798,0.003647,-0.344587
cuboid > 22
0.003103,0.041007,6949.460449,2.035671,0.055218,0.660948,2.035671,0.078439,0.080000,0.000533,-0.069991,-0.085562
0.000239,0.000686,29921.033203,0.761111,0.015282,0.218064,0.761111,0.028178,0.028383,0.000030,-0.028178,0.000000
0.054229,0.116518,2150.442383,8.987195,0.266231,3.029442,8.987195,0.235491,0.245690,0.014012,-0.141772,-1.075869
0.061212,0.013398,21.872105,1.080675,0.054730,0.409479,1.080675,0.010380,0.011558,0.009808,0.000446,-0.417801
0.000735,0.059431,14300.667969,1.151398,0.027265,0.353395,1.151398,0.048261,0.049204,0.000106,-0.044880,-0.165370
cuboid > 23
0.000621,0.007545,15586.479492,1.009683,0.024978,0.312733,1.009683,0.042652,0.043215,0.000088,-0.041300,0.000000
0.002316,0.013602,7186.272461,1.538332,0.045256,0.514476,1.538332,0.064136,0.065097,0.000465,-0.058566,-0.066218
0.050992,0.114889,1996.985474,7.788433,0.242166,2.661870,7.788433,0.212443,0.222327,0.012810,-0.132883,-0.970071
0.000241,0.003229,29820.636719,0.755342,0.014728,0.221261,0.755342,0.029042,0.030007,0.000034,-0.029042,0.000000
0.072793,0.026973,22.320009,1.337947,0.063870,0.495714,1.337947,0.010727,0.011878,0.011762,0.001880,-0.605900
cuboid > 24
0.000227,0.002151,31182.679688,0.735274,0.014549,0.213758,0.735274,0.028178,0.028820,0.000030,-0.028178,0.000000
0.000500,0.024476,16487.687500,0.913685,0.022839,0.307352,0.913685,0.046067,0.048299,0.000083,-0.043705,0.000000
0.035932,0.065261,2158.517578,5.969811,0.191093,2.071524,5.969811,0.174534,0.181072,0.009086,-0.119623,-0.544229
0.003116,0.027040,6632.250488,1.949592,0.055924,0.658179,1.949592,0.081325,0.083931,0.000649,-0.071029,-0.054784
0.103076,0.039788,26.033169,1.671663,0.080065,0.622394,1.671663,0.011720,0.013354,0.017143,0.005907,-0.540730
cuboid > 25
0.000658,0.020251,14522.337891,1.065171,0.026279,0.339367,1.065171,0.047749,0.049317,0.000105,-0.044951,-0.047344
0.094987,0.033930,27.510340,1.559660,0.084255,0.603993,1.559660,0.018048,0.020100,0.016172,0.002742,-0.774932
0.003373,0.050880,6604.981934,1.963036,0.059790,0.686349,1.963036,0.091208,0.095534,0.000905,-0.076018,-0.093714
0.000267,0.019499,26672.980469,0.756743,0.016719,0.228371,0.756743,0.032894,0.033597,0.000036,-0.031848,-0.067183
0.044986,0.109990,2015.249390,7.118688,0.232073,2.498325,7.118688,0.213561,0.223925,0.012953,-0.130759,-0.987537
cuboid > 26
0.000715,0.008181,15528.095703,1.162729,0.029002,0.371438,1.162729,0.052163,0.053616,0.000124,-0.048295,0.000000
0.053698,0.143872,2121.097168,9.167374,0.260062,3.050450,9.167374,0.229410,0.240860,0.013978,-0.142277,-0.815753
0.003415,0.024864,6579.283203,2.262832,0.061838,0.750282,2.262832,0.090413,0.093723,0.000736,-0.077009,-0.055304
0.000229,0.002662,29046.691406,0.710820,0.014687,0.211549,0.710820,0.028887,0.029681,0.000032,-0.028651,0.000000
0.067281,0.024069,32.379910,1.431139,0.075814,0.563352,1.431139,0.019684,0.021171,0.011313,-0.004501,-0.354999
cuboid > 27
0.000296,0.000740,26397.230469,0.780388,0.017475,0.234128,0.780388,0.031739,0.031960,0.000041,-0.031127,0.000000
0.001133,0.006115,11394.994141,1.324916,0.033857,0.418274,1.324916,0.054790,0.056077,0.000178,-0.051340,0.000000
0.071790,0.125298,1578.855957,9.478523,0.287697,3.195181,9.478523,0.222849,0.232102,0.015885,-0.142194,-0.495698
0.006522,0.051165,5057.056641,3.055664,0.079855,0.973401,3.055664,0.102548,0.105745,0.001343,-0.084529,-0.300974
0.049025,0.016974,23.513796,1.075654,0.057372,0.421480,1.075654,0.014215,0.015090,0.007498,-0.005272,-0.402563
cuboid > 28
0.000309,0.005542,27107.236328,0.846585,0.018673,0.256158,0.846585,0.035259,0.035674,0.000056,-0.033026,0.000000
0.001050,0.016222,10803.122070,1.179789,0.031229,0.383409,1.179789,0.051957,0.053283,0.000198,-0.046965,-0.054032
0.069196,0.103096,1626.692139,8.725715,0.275529,3.034330,8.725715,0.221656,0.233770,0.018084,-0.130737,-0.801510
0.005096,0.042731,5121.817383,2.644747,0.073221,0.874858,2.644747,0.098703,0.101811,0.000980,-0.083843,-0.129372
0.036205,0.015024,17.927603,0.775008,0.045341,0.312683,0.775008,0.012284,0.013023,0.005694,-0.004640,-0.320732
cuboid > 29
0.000279,0.000901,27851.085938,0.847111,0.017879,0.248498,0.847111,0.033055,0.033324,0.000044,-0.031770,0.000000
0.000927,0.028962,11728.431641,1.179786,0.029151,0.371388,1.179786,0.049226,0.050423,0.000125,-0.047475,-0.031472
0.018194,0.010941,14.143201,0.407859,0.024046,0.165891,0.407859,0.008063,0.008689,0.002785,-0.004481,-0.152044
0.003988,0.071611,5532.061523,2.346448,0.063509,0.762393,2.346448,0.094177,0.098229,0.000624,-0.084466,-0.087518
0.032419,0.080622,1906.382202,5.563715,0.171188,1.885754,5.563715,0.157994,0.164838,0.005428,-0.128322,-0.465273
cuboid > 30
0.001283,0.018558,11334.628906,1.428090,0.036088,0.447287,1.428090,0.057653,0.058824,0.000257,-0.051893,-0.068293
0.064623,0.231831,1590.423828,9.398159,0.256046,3.031293,9.398159,0.206753,0.217986,0.011990,-0.147800,-0.656209
0.008337,0.093285,4614.666992,3.864426,0.097323,1.231651,3.864426,0.127569,0.133486,0.001492,-0.106928,-0.350619
0.027517,0.011056,12.414097,0.545369,0.030302,0.214615,0.545369,0.008126,0.008826,0.003926,-0.004169,-0.215958
0.000262,0.002232,28285.763672,0.807958,0.016741,0.238839,0.807958,0.032204,0.032869,0.000037,-0.031535,0.000000
cuboid > 31
0.005442,0.138579,5247.450195,3.067214,0.078080,0.999071,3.067214,0.117229,0.125065,0.001062,-0.096501,-0.509311
0.000869,0.033775,11232.147461,1.086333,0.027359,0.346276,1.086333,0.045068,0.045802,0.000110,-0.043523,-0.160444
0.041694,0.022882,14.714303,0.853888,0.042770,0.323184,0.853888,0.009907,0.010852,0.006042,-0.003981,-0.224496
0.059062,0.270057,1633.564575,8.534142,0.234595,2.748168,8.534142,0.189170,0.199028,0.010204,-0.139560,-1.910724
0.000241,0.004897,26201.089844,0.690127,0.015135,0.211288,0.690127,0.029440,0.029962,0.000031,-0.029440,0.000000
cuboid > 32
0.000318,0.008509,24758.904297,0.834403,0.019611,0.271248,0.834403,0.040832,0.042570,0.000069,-0.037458,0.000000
0.001034,0.006245,11983.708984,1.185464,0.030487,0.375386,1.185464,0.048492,0.049374,0.000165,-0.046457,0.000000
0.034340,0.014898,16.946745,0.752915,0.042367,0.299283,0.752915,0.012947,0.014028,0.005242,-0.006330,-0.176904
0.006108,0.061331,5226.840332,3.087623,0.078243,0.974566,3.087623,0.102748,0.105972,0.001141,-0.089305,-0.217941
0.065906,0.170057,1777.219360,9.469874,0.266180,3.134190,9.469874,0.228702,0.245848,0.014121,-0.151931,-0.449133
cuboid > 33
0.000283,0.009353,27192.259766,0.812263,0.017181,0.242281,0.812263,0.032597,0.033295,0.000048,-0.031634,0.000000
0.000963,0.032371,11874.965820,1.230851,0.028878,0.380134,1.230851,0.047051,0.047906,0.000125,-0.045842,-0.058901
0.021114,0.012203,17.660387,0.563478,0.032139,0.229031,0.563478,0.011810,0.012543,0.003208,-0.007223,-0.081094
0.005443,0.059102,5284.279785,2.799181,0.073927,0.895733,2.799181,0.097510,0.100641,0.000936,-0.085766,-0.725726
0.053260,0.145139,1697.616089,7.475307,0.223782,2.498159,7.475307,0.183343,0.191620,0.009740,-0.135428,-0.752944
cuboid > 34
0.001021,0.075257,11424.222656,1.234685,0.034014,0.415522,1.234685,0.066863,0.070441,0.000177,-0.060720,0.000000
0.000244,0.001875,27986.675781,0.733070,0.015625,0.215625,0.733070,0.029869,0.030428,0.000035,-0.029307,0.000000
0.048253,0.156605,1865.649780,7.879158,0.227558,2.628389,7.879158,0.202135,0.214313,0.009461,-0.145692,-0.599173
0.005452,0.061308,5120.716797,2.692949,0.076208,0.895085,2.692949,0.106650,0.111389,0.001087,-0.088422,-0.164955
0.011833,0.009331,19.104719,0.400646,0.022149,0.157945,0.400646,0.010155,0.010566,0.001682,-0.007648,-0.107871
cuboid > 35
0.000236,0.005522,27662.914062,0.714993,0.014784,0.213479,0.714993,0.029197,0.029833,0.000031,-0.029197,0.000000
0.001208,0.077508,11339.699219,1.319326,0.036408,0.441465,1.319326,0.065646,0.069938,0.000251,-0.057465,-0.659760
0.009162,0.010980,16.130209,0.317669,0.018428,0.126247,0.317669,0.009357,0.009781,0.001319,-0.007070,-0.101770
0.006099,0.059313,5116.912598,3.038498,0.082268,0.988548,3.038498,0.110352,0.114763,0.001226,-0.092767,-0.278744
0.033936,0.090507,1804.753418,5.449921,0.181592,1.941922,5.449921,0.170609,0.178201,0.006374,-0.131517,-0.283834
