cuboid > 1
0.001200,0.006466,11661.402344,1.487854,0.033491,0.448566,1.487854,0.051121,0.051869,0.000157,-0.050533,0.000000
0.021378,0.002485,16.849184,0.525517,0.026938,0.204431,0.525517,0.006255,0.006328,0.002705,-0.005661,-0.026007
0.000249,0.001498,28478.152344,0.740991,0.015494,0.218773,0.740991,0.029037,0.029485,0.000033,-0.028923,0.000000
0.005767,0.007813,5125.439453,2.936492,0.068132,0.882220,2.936492,0.079751,0.080783,0.000756,-0.077119,0.000000
0.044455,0.026646,1801.407593,6.699594,0.164219,2.043556,6.699594,0.112203,0.113599,0.006094,-0.103296,-0.329016
cuboid > 2
0.001167,0.000830,11607.187500,1.440290,0.032899,0.431734,1.440290,0.049065,0.049255,0.000149,-0.048461,0.000000
0.064875,0.004751,38.600193,1.354818,0.071588,0.549496,1.354818,0.012139,0.012432,0.008297,-0.009723,-0.063065
0.003984,0.013437,5374.741699,2.259608,0.056417,0.701147,2.259608,0.069982,0.070687,0.000517,-0.068008,-0.071901
0.000244,0.005984,28451.267578,0.755114,0.015517,0.218136,0.755114,0.028567,0.028710,0.000031,-0.028308,-0.024955
0.033084,0.035700,1892.622437,5.467353,0.148030,1.746131,5.467353,0.114621,0.116167,0.004658,-0.105950,-0.314877
cuboid > 3
0.003498,0.013555,5440.447266,1.990478,0.054498,0.646261,1.990478,0.070205,0.070946,0.000478,-0.067420,-0.053601
0.000248,0.000936,26100.501953,0.702869,0.015731,0.212282,0.702869,0.029036,0.029276,0.000032,-0.028892,0.000000
0.100024,0.010912,69.570259,1.900921,0.126447,0.831449,1.900921,0.034120,0.035020,0.013044,-0.027425,-0.092827
0.031545,0.044173,1799.580078,4.878244,0.148301,1.650277,4.878244,0.120040,0.122134,0.004575,-0.108068,-0.231283
0.000800,0.006541,11708.313477,1.000002,0.026210,0.322936,1.000002,0.042922,0.043585,0.000110,-0.042074,0.000000
cuboid > 4
0.086794,0.012609,65.937492,1.637248,0.122940,0.715094,1.637248,0.045937,0.047096,0.011843,-0.034511,-0.159002
0.000780,0.015977,12232.522461,1.001457,0.027672,0.335762,1.001457,0.047491,0.048665,0.000129,-0.044477,-0.031228
0.032797,0.079390,2024.160400,5.697864,0.180085,1.964633,5.697864,0.159381,0.163123,0.005986,-0.124468,-1.000751
0.004000,0.061670,5649.229004,2.268683,0.064701,0.760082,2.268683,0.090229,0.093038,0.000694,-0.079771,-0.245757
0.000270,0.006747,25824.607422,0.722462,0.016795,0.226621,0.722462,0.033307,0.034188,0.000042,-0.032278,0.000000
cuboid > 5
0.000779,0.006821,12424.861328,0.993820,0.026164,0.318883,0.993820,0.041951,0.042313,0.000102,-0.041243,-0.009462
0.065961,0.006119,51.800323,1.366292,0.090648,0.579057,1.366292,0.028883,0.029401,0.008522,-0.025156,-0.074774
0.003466,0.031253,5650.588379,1.966043,0.054626,0.644549,1.966043,0.072695,0.073940,0.000555,-0.067110,-0.268163
0.000248,0.003017,25176.044922,0.685174,0.015817,0.210208,0.685174,0.029336,0.029579,0.000031,-0.029226,0.000000
0.030912,0.043123,1927.494873,5.251120,0.148273,1.717672,5.251120,0.120002,0.121777,0.004227,-0.109768,-0.262692
cuboid > 6
0.000245,0.000440,27602.666016,0.739427,0.015698,0.216421,0.739427,0.028707,0.028839,0.000031,-0.028619,0.000000
0.001227,0.006759,11686.634766,1.496101,0.033189,0.444092,1.496101,0.049122,0.049377,0.000153,-0.048743,-0.020299
0.005210,0.016783,5099.671875,2.673715,0.063870,0.812974,2.673715,0.074183,0.074600,0.000666,-0.072206,-0.131314
0.039300,0.004504,32.043316,0.915542,0.049666,0.360579,0.915542,0.012710,0.012870,0.004939,-0.011665,-0.049898
0.038924,0.023295,1783.324341,6.043496,0.160528,1.919767,6.043496,0.115697,0.116685,0.005109,-0.109486,-0.114845
cuboid > 7
0.000993,0.004596,11021.643555,1.196437,0.028905,0.366401,1.196437,0.043938,0.044120,0.000125,-0.043665,0.000000
0.004817,0.008728,5144.113770,2.447242,0.059818,0.745764,2.447242,0.070723,0.071125,0.000644,-0.068026,-0.072059
0.000246,0.000246,28528.343750,0.760983,0.015748,0.219597,0.760983,0.028622,0.028696,0.000031,-0.028475,0.000000
0.023011,0.001159,16.400084,0.557354,0.026935,0.205517,0.557354,0.005642,0.005717,0.002897,-0.005044,-0.012481
0.034786,0.054512,1853.967041,5.563421,0.145610,1.739789,5.563421,0.107609,0.108315,0.004427,-0.102347,-0.194175
cuboid > 8
0.000239,0.002396,27776.701172,0.700648,0.015194,0.211564,0.700648,0.029042,0.029543,0.000032,-0.028899,0.000000
0.001120,0.018750,11962.202148,1.411922,0.032618,0.428579,1.411922,0.050070,0.050490,0.000145,-0.048691,-0.088954
0.035350,0.046328,1946.814331,6.205472,0.162746,1.952446,6.205472,0.126881,0.128863,0.004815,-0.116077,-0.442846
0.004757,0.018896,5378.275391,2.561450,0.062044,0.786883,2.561450,0.074672,0.075634,0.000638,-0.072061,-0.133899
0.116426,0.023764,20.004646,1.683448,0.076749,0.635467,1.683448,-0.000696,-0.000054,0.015884,0.007165,-0.163315
cuboid > 9
0.000242,0.000337,27210.021484,0.711142,0.015466,0.210406,0.711142,0.028195,0.028295,0.000030,-0.028189,0.000000
0.001066,0.000576,11959.577148,1.314820,0.031130,0.400180,1.314820,0.046883,0.047013,0.000138,-0.046231,0.000000
0.203948,0.030486,52.834515,2.945511,0.155569,1.189345,2.945511,0.009674,0.010833,0.028143,0.002244,-0.401586
0.004207,0.012209,5585.774902,2.432785,0.060480,0.759194,2.432785,0.074784,0.075504,0.000585,-0.071601,-0.077656
0.033568,0.022247,1880.872559,5.456918,0.153166,1.775634,5.456918,0.119112,0.120427,0.004843,-0.108185,-0.234120
cuboid > 10
0.004257,0.027182,5647.454590,2.470406,0.063240,0.784397,2.470406,0.081637,0.083124,0.000644,-0.075789,-0.103732
0.000254,0.004877,26137.628906,0.705058,0.015992,0.218348,0.705058,0.030850,0.031490,0.000037,-0.030235,0.000000
0.000953,0.011716,12083.996094,1.196670,0.029757,0.375744,1.196670,0.047152,0.047733,0.000136,-0.045531,-0.056942
0.262449,0.034528,97.406067,3.630627,0.231297,1.536709,3.630627,0.048636,0.051212,0.037418,-0.023972,-0.543463
0.027965,0.050021,2011.092651,5.073155,0.150533,1.701841,5.073155,0.130881,0.133379,0.004337,-0.113885,-0.463480
cuboid > 11
0.001213,0.021095,11978.024414,1.415370,0.037819,0.462221,1.415370,0.062996,0.064521,0.000229,-0.056358,-0.041661
0.005502,0.082306,5600.454590,2.969779,0.085341,0.998527,2.969779,0.116242,0.119693,0.001193,-0.094350,-0.543925
0.272222,0.033877,87.624657,3.330772,0.221907,1.374471,3.330772,0.053219,0.055473,0.037845,-0.028054,-0.526783
0.034726,0.085307,2053.334229,6.261339,0.197497,2.177081,6.261339,0.177742,0.182070,0.006876,-0.132764,-0.786047
0.000299,0.004078,25108.720703,0.730526,0.018429,0.235795,0.730526,0.035350,0.036063,0.000056,-0.033102,0.000000
cuboid > 12
0.000937,0.011281,11899.799805,1.163625,0.029669,0.370156,1.163625,0.046999,0.047453,0.000129,-0.045336,-0.062704
0.025107,0.049399,2066.646240,4.776094,0.142369,1.607996,4.776094,0.126939,0.129583,0.003773,-0.111780,-0.352157
0.003782,0.016245,5761.496094,2.247452,0.060313,0.730237,2.247452,0.078933,0.080077,0.000564,-0.073540,-0.088534
0.000252,0.001326,24989.277344,0.679650,0.016038,0.212214,0.679650,0.030082,0.030477,0.000033,-0.029814,0.000000
0.236623,0.029891,76.540901,3.044628,0.181407,1.236523,3.044628,0.030605,0.032178,0.031798,-0.016664,-0.367435
cuboid > 13
0.000247,0.001386,27502.476562,0.738556,0.015764,0.218956,0.738556,0.029502,0.029842,0.000032,-0.029257,0.000000
0.001216,0.002162,11902.615234,1.503342,0.033838,0.450991,1.503342,0.051002,0.051433,0.000163,-0.049882,0.000000
0.004583,0.015893,5445.910645,2.558588,0.061474,0.780950,2.558588,0.073847,0.074343,0.000588,-0.071919,-0.079618
0.174627,0.024208,48.860126,2.326159,0.108095,0.875442,2.326159,0.001866,0.002606,0.023517,0.006109,-0.415516
0.024212,0.036174,1959.549805,4.284642,0.133399,1.446504,4.284642,0.114740,0.116262,0.003669,-0.103385,-0.395846
cuboid > 14
0.000242,0.007364,28878.648438,0.743829,0.015397,0.219462,0.743829,0.029463,0.029959,0.000032,-0.029321,0.000000
0.001033,0.002169,11943.536133,1.339962,0.030436,0.402855,1.339962,0.046753,0.047101,0.000128,-0.046515,0.000000
0.039924,0.112854,1750.594727,5.838082,0.173681,1.890848,5.838082,0.137716,0.140261,0.007142,-0.107377,-2.045667
0.003203,0.016229,5253.362305,1.698587,0.047136,0.540374,1.698587,0.060620,0.060981,0.000429,-0.057952,-0.127454
0.116480,0.017637,16.160717,1.535052,0.062950,0.545880,1.535052,-0.005840,-0.005316,0.016218,0.011781,-0.247534
cuboid > 15
0.000237,0.001870,26975.292969,0.675609,0.015200,0.206715,0.675609,0.029098,0.029656,0.000032,-0.028895,0.000000
0.001048,0.010180,12049.363281,1.363598,0.031950,0.418140,1.363598,0.050669,0.051483,0.000141,-0.049359,-0.086759
0.042696,0.108678,1793.345947,6.620931,0.180902,2.107344,6.620931,0.139448,0.142281,0.006231,-0.118603,-0.875549
0.004930,0.037258,5300.526855,2.565336,0.064233,0.803778,2.565336,0.080898,0.082436,0.000721,-0.074948,-0.146849
0.074991,0.018477,20.050726,1.353147,0.060247,0.507921,1.353147,0.004307,0.004890,0.010380,0.000962,-0.135134
cuboid > 16
0.000252,0.000867,26201.337891,0.728249,0.016088,0.217777,0.728249,0.029587,0.029760,0.000032,-0.029408,0.000000
0.001112,0.003344,12118.821289,1.387864,0.032407,0.422258,1.387864,0.049389,0.049729,0.000149,-0.048226,0.000000
0.033301,0.055215,1945.293213,5.706387,0.162594,1.869027,5.706387,0.132968,0.135418,0.004976,-0.116288,-0.549369
0.004512,0.014649,5533.480957,2.513924,0.064669,0.795319,2.513924,0.081146,0.082301,0.000731,-0.074808,-0.158901
0.120183,0.024143,44.278214,2.079595,0.108150,0.831276,2.079595,0.014626,0.015718,0.017198,-0.004658,-0.308760
cuboid > 17
0.003730,0.024447,5623.743164,2.124379,0.058634,0.697759,2.124379,0.077693,0.079090,0.000570,-0.071960,-0.119157
0.000835,0.009690,12032.515625,1.036435,0.027401,0.334447,1.036435,0.044297,0.044812,0.000115,-0.043048,-0.012974
0.173571,0.038793,65.282875,2.541370,0.145817,1.034921,2.541370,0.026314,0.028057,0.024955,-0.011564,-0.296825
0.000263,0.009035,25501.982422,0.699129,0.016004,0.221577,0.699129,0.031959,0.032979,0.000042,-0.031183,0.000000
0.022115,0.053596,2124.896240,4.220530,0.132432,1.453524,4.220530,0.123013,0.125942,0.003653,-0.106604,-0.334664
cuboid > 18
0.001533,0.017541,10452.459961,1.512009,0.039916,0.490119,1.512009,0.062109,0.063330,0.000238,-0.057929,-0.033578
10.645530,3.925555,2.485471,17.317383,3.188982,5.828124,17.317383,-1.278175,-1.235120,1.608661,1.764307,-381.840454
0.013815,0.060400,3315.255371,3.856313,0.120543,1.333598,3.856313,0.132297,0.135544,0.002903,-0.103787,-0.563225
0.195319,0.032684,96.698807,2.656461,0.145066,1.034293,2.656461,0.030796,0.032468,0.026862,-0.012991,-0.263350
0.000277,0.009266,25250.117188,0.724506,0.017099,0.228518,0.724506,0.033549,0.034371,0.000041,-0.032536,0.000000
cuboid > 19
0.187960,0.028682,58.390316,2.496010,0.129656,0.967809,2.496010,0.013985,0.015124,0.025381,-0.003990,-0.470095
0.001020,0.015723,11890.044922,1.274142,0.031101,0.398987,1.274142,0.049977,0.050759,0.000135,-0.048576,-0.031940
0.000246,0.003674,25073.957031,0.683642,0.015675,0.210824,0.683642,0.029639,0.030039,0.000031,-0.029609,0.000000
0.003941,0.017268,5658.663086,2.258229,0.060063,0.725869,2.258229,0.076876,0.077726,0.000576,-0.072000,-0.070122
0.023690,0.052802,2050.552490,4.482509,0.134128,1.507585,4.482509,0.119351,0.121505,0.003497,-0.105927,-0.430626
cuboid > 20
0.003950,0.030772,5522.837402,2.239651,0.055609,0.697859,2.239651,0.069606,0.070533,0.000497,-0.068028,-0.136271
0.023723,0.052106,1965.188721,4.155406,0.128086,1.399594,4.155406,0.111081,0.112735,0.003294,-0.101669,-0.534788
0.147785,0.025888,30.914228,1.917789,0.083571,0.703431,1.917789,-0.003324,-0.002581,0.020277,0.010723,-0.271112
0.001040,0.000917,11672.522461,1.270378,0.030016,0.387301,1.270378,0.045450,0.045724,0.000131,-0.045176,0.000000
0.000245,0.002262,27565.292969,0.737255,0.015440,0.217219,0.737255,0.028982,0.029310,0.000031,-0.028934,0.000000
cuboid > 21
0.000271,0.000000,27554.945312,0.785978,0.017350,0.231979,0.785978,0.031290,0.031290,0.000040,-0.030256,0.000000
0.000888,0.018117,11442.069336,1.071284,0.028623,0.345060,1.071284,0.047268,0.048041,0.000119,-0.045175,-0.056251
0.059696,0.228086,1581.689209,7.730524,0.217879,2.468965,7.730524,0.162181,0.166360,0.008922,-0.127552,-1.697380
0.005674,0.049870,5042.362793,2.756824,0.070726,0.851884,2.756824,0.087562,0.088874,0.000903,-0.077429,-0.404548
0.103000,0.016206,11.179626,1.379766,0.056135,0.492067,1.379766,-0.005351,-0.004886,0.014069,0.010251,-0.247551
cuboid > 22
0.002418,0.018957,6779.791504,1.607784,0.045157,0.531952,1.607784,0.066485,0.068604,0.000421,-0.060415,-0.050229
0.000244,0.002127,29140.791016,0.776323,0.015554,0.224658,0.776323,0.029457,0.029880,0.000032,-0.029315,0.000000
0.024468,0.129103,2242.840332,4.918827,0.145692,1.644337,4.918827,0.141296,0.145856,0.004495,-0.112642,-0.952495
0.005679,0.004604,18.721796,0.241310,0.012753,0.095901,0.241310,0.006780,0.006941,0.000864,-0.005235,-0.055331
0.001069,0.052542,14909.802734,1.461615,0.036447,0.474594,1.461615,0.069630,0.073184,0.000298,-0.059753,-0.111787
cuboid > 23
0.000851,0.017220,15528.780273,1.328041,0.031504,0.410244,1.328041,0.053906,0.055052,0.000156,-0.048925,-0.054522
0.002781,0.034488,6827.759277,1.915154,0.050723,0.614828,1.915154,0.072277,0.074140,0.000462,-0.065606,-0.178043
0.025934,0.092842,2234.581055,4.875309,0.148772,1.642342,4.875309,0.140747,0.144579,0.005108,-0.108913,-0.646495
0.000242,0.012948,30855.363281,0.793486,0.015365,0.232278,0.793486,0.031060,0.032081,0.000033,-0.030499,-0.043182
0.021816,0.011488,24.123297,0.537001,0.027780,0.213508,0.537001,0.009361,0.009792,0.003517,-0.004823,-0.088519
cuboid > 24
0.000251,0.003316,24884.486328,0.676274,0.015805,0.211681,0.676274,0.030121,0.030710,0.000033,-0.029920,0.000000
0.000810,0.011543,13461.440430,1.130793,0.028569,0.366012,1.130793,0.049047,0.050264,0.000127,-0.047016,0.000000
0.024599,0.079204,2170.670654,4.686157,0.145117,1.602996,4.686157,0.138094,0.142268,0.004604,-0.109621,-0.399785
0.002324,0.034278,6678.690430,1.593634,0.046230,0.531980,1.593634,0.067798,0.069395,0.000384,-0.061635,-0.117050
0.056179,0.014250,27.961956,0.960351,0.049261,0.379662,0.960351,0.009556,0.010408,0.009622,-0.000389,-0.240757
cuboid > 25
0.000702,0.014377,13593.069336,1.016100,0.026755,0.333271,1.016100,0.045906,0.046748,0.000104,-0.043825,-0.031617
0.093012,0.015279,30.529888,1.218048,0.059063,0.461524,1.218048,0.006022,0.006961,0.014314,0.004212,-0.294344
0.002632,0.022065,6806.566895,1.807093,0.050088,0.591779,1.807093,0.071176,0.072482,0.000419,-0.065236,-0.091308
0.000253,0.001553,25163.544922,0.677119,0.016132,0.209400,0.677119,0.029900,0.030145,0.000034,-0.029467,0.000000
0.022193,0.045457,2285.404785,4.358739,0.140250,1.512420,4.358739,0.137811,0.141643,0.004462,-0.107945,-0.195696
cuboid > 26
0.000812,0.001596,12186.979492,1.006406,0.026422,0.323761,1.006406,0.042211,0.042663,0.000110,-0.041531,0.000000
0.035571,0.189511,1966.653687,6.127329,0.180649,2.016012,6.127329,0.160932,0.166657,0.006840,-0.121046,-1.269644
0.004185,0.040355,5739.152832,2.452676,0.061621,0.773269,2.452676,0.081409,0.083056,0.000594,-0.076416,-0.147552
0.000253,0.002502,26471.708984,0.701071,0.015924,0.213704,0.701071,0.029984,0.030462,0.000033,-0.029872,0.000000
0.050683,0.011129,27.198816,0.923358,0.046797,0.357809,0.923358,0.009522,0.010272,0.008532,-0.001322,-0.174996
cuboid > 27
0.000244,0.006360,27839.837891,0.739389,0.015342,0.215374,0.739389,0.028815,0.029026,0.000032,-0.028604,0.000000
0.000984,0.037346,11606.388672,1.221396,0.030959,0.381935,1.221396,0.050513,0.051207,0.000142,-0.047209,-0.127826
0.050035,0.128795,1787.767944,7.564544,0.227910,2.554583,7.564544,0.191418,0.198760,0.010555,-0.134408,-1.078478
0.007231,0.067053,5159.017578,3.370994,0.092315,1.102059,3.370994,0.122175,0.127271,0.001758,-0.096218,-0.204543
0.034910,0.012187,13.544098,0.713188,0.031420,0.262908,0.713188,0.005050,0.005557,0.005715,0.000156,-0.123067
cuboid > 28
0.000280,0.002587,27068.171875,0.757496,0.017375,0.232600,0.757496,0.033333,0.034106,0.000046,-0.031909,0.000000
0.000960,0.013127,11222.952148,1.079527,0.031788,0.361872,1.079527,0.052894,0.053931,0.000199,-0.046975,-0.048536
0.036113,0.084027,1880.905273,5.884620,0.181704,1.968868,5.884620,0.161473,0.165892,0.006357,-0.125048,-0.606278
0.005739,0.034338,5265.604980,2.745866,0.077745,0.883510,2.745866,0.101215,0.104124,0.001344,-0.081792,-0.256779
0.028600,0.006672,12.176417,0.539064,0.022711,0.190968,0.539064,0.002780,0.003025,0.004263,0.000074,-0.129314
cuboid > 29
0.000261,0.000733,26228.898438,0.739610,0.016542,0.220625,0.739610,0.030383,0.030602,0.000035,-0.029943,0.000000
0.000933,0.017475,11563.125000,1.157948,0.029087,0.362324,1.157948,0.045928,0.046308,0.000124,-0.044382,-0.091749
0.000911,0.001268,5.675528,0.040456,0.002853,0.017001,0.040456,0.002059,0.002124,0.000128,-0.001786,-0.025270
0.002756,0.018699,5627.877930,1.661283,0.047129,0.547764,1.661283,0.064671,0.065673,0.000375,-0.061554,-0.057649
0.007300,0.055945,2218.278809,1.704040,0.073950,0.682959,1.704040,0.090979,0.093796,0.001271,-0.081405,-0.219042
cuboid > 30
0.000831,0.009763,11448.748047,1.007123,0.027550,0.326344,1.007123,0.045050,0.045601,0.000118,-0.043327,-0.013705
0.027431,0.103784,1987.924438,4.326932,0.158303,1.584252,4.326932,0.159724,0.170743,0.007421,-0.111342,-0.984551
0.002591,0.029895,5644.013184,1.603223,0.047702,0.542746,1.603223,0.068919,0.070419,0.000387,-0.064085,-0.180258
0.005184,0.002647,6.687529,0.133205,0.008257,0.054794,0.133205,0.003506,0.003685,0.000770,-0.002314,-0.070062
0.000257,0.002646,28002.400391,0.739604,0.015852,0.222026,0.739604,0.030338,0.030958,0.000036,-0.029955,0.000000
cuboid > 31
0.003202,0.018750,5629.096191,1.947982,0.053013,0.631914,1.947982,0.070680,0.071626,0.000439,-0.067403,-0.035012
0.000899,0.011525,11640.902344,1.111511,0.029448,0.360561,1.111511,0.048127,0.048879,0.000131,-0.046199,0.000000
0.021178,0.009568,11.947884,0.382732,0.021224,0.152462,0.382732,0.005063,0.005595,0.003139,-0.001869,-0.148586
0.018518,0.040782,2141.949463,3.426345,0.107869,1.165614,3.426345,0.103494,0.106380,0.003087,-0.089247,-0.177752
0.000260,0.000991,23867.134766,0.661618,0.016492,0.209279,0.661618,0.030562,0.030858,0.000036,-0.030042,0.000000
cuboid > 32
0.000274,0.001530,24870.740234,0.706618,0.017205,0.221025,0.706618,0.032286,0.032742,0.000046,-0.031002,0.000000
0.000753,0.007499,12212.776367,0.952798,0.025683,0.310852,0.952798,0.041828,0.042294,0.000098,-0.041029,-0.022780
0.034673,0.011271,16.617310,0.610935,0.027447,0.223940,0.610935,0.003958,0.004510,0.005156,0.000028,-0.133352
0.003001,0.013481,5684.184570,1.779933,0.051480,0.594729,1.779933,0.070637,0.071886,0.000424,-0.066769,-0.059341
0.015462,0.055063,2263.400391,2.995827,0.106391,1.090963,2.995827,0.109706,0.114834,0.004338,-0.087327,-0.135697
cuboid > 33
0.000264,0.002015,25715.361328,0.722732,0.016632,0.223677,0.722732,0.031640,0.032241,0.000043,-0.030625,0.000000
0.000715,0.003295,12295.396484,0.900136,0.025137,0.298713,0.900136,0.041443,0.041974,0.000100,-0.040366,0.000000
0.014993,0.008250,14.096549,0.340796,0.019105,0.137649,0.340796,0.006567,0.007159,0.002411,-0.003223,-0.103477
0.003113,0.026137,5704.654785,1.769351,0.051971,0.591549,1.769351,0.071936,0.073305,0.000485,-0.066426,-0.181465
0.020984,0.073611,2121.452148,4.034702,0.122359,1.353220,4.034702,0.114051,0.116617,0.003080,-0.101487,-0.538018
cuboid > 34
0.000900,0.025155,12124.095703,1.168575,0.030000,0.372067,1.168575,0.051012,0.052185,0.000139,-0.048012,-0.064030
0.000245,0.001118,28660.000000,0.741728,0.015684,0.218440,0.741728,0.029293,0.029627,0.000033,-0.028988,0.000000
0.027601,0.067384,2070.123535,5.013330,0.147303,1.657945,5.013330,0.131256,0.134222,0.004576,-0.109556,-0.389814
0.003784,0.067683,5335.993164,2.116648,0.061068,0.697526,2.116648,0.084872,0.086904,0.000648,-0.075052,-0.183538
0.008549,0.006660,8.580563,0.266045,0.011961,0.101030,0.266045,0.004253,0.004541,0.001337,-0.002311,-0.034846
cuboid > 35
0.000247,0.001623,28115.605469,0.732452,0.015800,0.218972,0.732452,0.029957,0.030442,0.000034,-0.029594,0.000000
0.000865,0.016954,11774.598633,1.104993,0.029454,0.357026,1.104993,0.050225,0.051442,0.000139,-0.047241,-0.039577
0.006887,0.007083,5.564204,0.177928,0.007446,0.062018,0.177928,0.002068,0.002247,0.001049,-0.001035,-0.056816
0.004013,0.050790,5510.771973,2.320200,0.061306,0.738343,2.320200,0.082948,0.084798,0.000607,-0.075216,-0.304062
0.022419,0.040771,2056.454834,4.193897,0.131102,1.442443,4.193897,0.123960,0.127797,0.003892,-0.107193,-0.185949
