cuboid > 1
0.000782,0.007224,10838.687500,0.957015,0.025928,0.306196,0.957015,0.041430,0.041735,0.000104,-0.040408,-0.023037
0.088149,0.007261,22.409304,1.431849,0.072529,0.545641,1.431849,0.003946,0.004264,0.011346,-0.000943,-0.150546
0.000241,0.009375,28334.265625,0.754324,0.015291,0.218248,0.754324,0.028804,0.029115,0.000030,-0.028804,0.000000
0.005589,0.038020,5118.015137,2.777810,0.068980,0.857560,2.777810,0.082809,0.083902,0.000924,-0.075294,-0.247607
0.054275,0.073655,1830.302246,8.632526,0.210350,2.632234,8.632526,0.145249,0.147544,0.007763,-0.127556,-0.530142
cuboid > 2
0.000867,0.025957,11718.346680,1.109877,0.029247,0.351327,1.109877,0.047909,0.048472,0.000127,-0.044934,-0.206848
0.148063,0.020030,47.755325,2.970018,0.138500,1.141411,2.970018,0.016539,0.017861,0.020006,-0.005237,-0.167547
0.004230,0.078644,5401.637695,2.303143,0.060962,0.727894,2.303143,0.079973,0.081264,0.000614,-0.072436,-0.390179
0.000253,0.000337,27343.564453,0.744401,0.016215,0.220131,0.744401,0.029546,0.029646,0.000034,-0.029182,0.000000
0.060374,0.147675,1718.577637,8.800624,0.231638,2.805912,8.800624,0.171424,0.177256,0.010335,-0.134248,-0.894118
cuboid > 3
0.005492,0.071630,5448.592773,2.867098,0.086831,1.000662,2.867098,0.127488,0.133948,0.001287,-0.102777,-0.152671
0.000250,0.003509,28470.851562,0.731481,0.015569,0.223781,0.731481,0.031001,0.032048,0.000038,-0.030473,0.000000
0.149179,0.050877,62.400333,2.889641,0.161286,1.162560,2.889641,0.037285,0.039950,0.021028,-0.018154,-0.594181
0.052650,0.219930,1843.113037,8.534534,0.246791,2.855731,8.534534,0.219493,0.233577,0.010865,-0.152870,-1.535858
0.000887,0.013369,12209.126953,1.135195,0.030835,0.378678,1.135195,0.054257,0.056092,0.000151,-0.050523,0.000000
cuboid > 4
0.147272,0.038490,69.840569,2.541192,0.159781,1.069475,2.541192,0.037656,0.040192,0.021256,-0.017583,-0.485950
0.001114,0.015824,12678.567383,1.382590,0.035884,0.444215,1.382590,0.059486,0.060766,0.000224,-0.053365,-0.033671
0.045007,0.167683,1916.894165,7.303861,0.211717,2.415946,7.303861,0.184659,0.194230,0.010032,-0.130184,-1.521146
0.005136,0.088977,5558.685547,2.748868,0.079274,0.919854,2.748868,0.115636,0.121498,0.001165,-0.093141,-0.370270
0.000370,0.007210,26748.349609,0.849724,0.019414,0.265190,0.849724,0.037814,0.039283,0.000092,-0.035089,0.000000
cuboid > 5
0.001066,0.007932,11823.984375,1.306598,0.030678,0.395438,1.306598,0.047051,0.047453,0.000138,-0.046176,-0.031519
0.127382,0.014700,58.904346,2.385277,0.130782,0.965364,2.385277,0.019027,0.019917,0.016675,-0.011817,-0.221941
0.003430,0.028137,5470.173340,1.977781,0.051436,0.622940,1.977781,0.068263,0.069708,0.000495,-0.063950,-0.136694
0.000245,0.000869,28517.941406,0.749055,0.015668,0.218969,0.749055,0.029040,0.029299,0.000031,-0.028923,0.000000
0.030296,0.068832,1984.188965,5.416641,0.146560,1.728108,5.416641,0.122719,0.125588,0.004445,-0.108550,-0.465112
cuboid > 6
0.000237,0.000961,28133.765625,0.723626,0.015144,0.211800,0.723626,0.028178,0.028465,0.000030,-0.028178,0.000000
0.001110,0.015740,11418.103516,1.325854,0.031075,0.405866,1.325854,0.048478,0.049409,0.000147,-0.047671,-0.023443
0.005366,0.029492,5311.954590,2.805598,0.064605,0.838242,2.805598,0.075337,0.075900,0.000681,-0.073186,-0.171814
0.052150,0.003736,23.838232,1.151405,0.053497,0.422952,1.151405,0.006950,0.007148,0.006570,-0.005473,-0.021753
0.058523,0.141013,1662.636963,8.097677,0.206661,2.522251,8.097677,0.141278,0.144593,0.008062,-0.123283,-1.011308
cuboid > 7
0.001443,0.012723,11163.641602,1.688398,0.037789,0.505573,1.688398,0.057186,0.057859,0.000200,-0.054953,0.000000
0.006651,0.031359,5188.133301,3.423213,0.077028,1.022060,3.423213,0.088528,0.089491,0.000891,-0.083995,-0.104475
0.000265,0.005241,28511.632812,0.836286,0.016673,0.244954,0.836286,0.032904,0.033685,0.000035,-0.032380,0.000000
0.032615,0.003557,14.605145,0.712066,0.031387,0.252498,0.712066,0.002985,0.003050,0.004032,-0.002558,-0.065252
0.045434,0.040104,1567.089966,6.111166,0.175080,2.006692,6.111166,0.124198,0.125756,0.006019,-0.116171,-0.047317
cuboid > 8
0.000243,0.009864,28104.966797,0.728141,0.015217,0.215849,0.728141,0.029297,0.029792,0.000032,-0.029176,0.000000
0.000821,0.003362,11421.006836,1.002219,0.026638,0.320112,1.002219,0.042015,0.042242,0.000106,-0.041307,-0.010608
0.035666,0.067489,1971.117920,6.077284,0.163155,1.937915,6.077284,0.127246,0.129123,0.005191,-0.114040,-0.334872
0.004545,0.013879,5556.339355,2.433173,0.063551,0.767489,2.433173,0.078382,0.079302,0.000822,-0.072223,-0.039045
0.226795,0.021243,36.958771,2.746544,0.119977,1.005762,2.746544,-0.008332,-0.007559,0.030582,0.017368,-0.319992
cuboid > 9
0.000257,0.003385,26305.623047,0.708039,0.015919,0.217820,0.708039,0.030368,0.030917,0.000036,-0.029971,0.000000
0.000701,0.007195,11717.658203,0.876297,0.025415,0.293294,0.876297,0.042138,0.042553,0.000102,-0.040588,-0.020739
0.323255,0.049395,94.294037,4.890169,0.230336,1.888329,4.890169,0.025727,0.029163,0.045327,0.000465,-0.563042
0.003636,0.042258,5593.598145,2.082331,0.059951,0.690927,2.082331,0.081678,0.083363,0.000606,-0.072963,-0.203211
0.032477,0.087548,1954.930542,5.596182,0.171344,1.908976,5.596182,0.153459,0.159149,0.005980,-0.121526,-0.622779
cuboid > 10
0.004258,0.046333,5776.084473,2.421039,0.072454,0.832410,2.421039,0.103566,0.107149,0.000918,-0.086056,-0.219265
0.000281,0.004214,25163.820312,0.710048,0.017374,0.228812,0.710048,0.034093,0.035082,0.000048,-0.032694,0.000000
0.000971,0.014029,12213.167969,1.176647,0.033262,0.397995,1.176647,0.057204,0.058854,0.000211,-0.051013,-0.025602
0.310322,0.062749,103.178413,4.299356,0.249754,1.737116,4.299356,0.059062,0.063475,0.043423,-0.024378,-0.636874
0.035464,0.133450,2027.403198,6.304375,0.196805,2.173161,6.304375,0.188153,0.196163,0.007262,-0.135602,-1.064091
cuboid > 11
0.000979,0.019676,12648.001953,1.237524,0.033287,0.410307,1.237524,0.056790,0.058381,0.000194,-0.050882,-0.068851
0.004984,0.052361,5720.720703,2.858405,0.077957,0.946171,2.858405,0.108180,0.111794,0.001042,-0.089424,-0.422182
0.315824,0.064007,106.750107,4.130762,0.252205,1.688651,4.130762,0.057309,0.061617,0.044869,-0.020518,-0.661038
0.039521,0.139435,2031.807251,7.027636,0.215047,2.393039,7.027636,0.195725,0.203142,0.009021,-0.133407,-1.816491
0.000289,0.002013,24791.025391,0.737688,0.018136,0.235245,0.737688,0.034362,0.034963,0.000048,-0.032809,0.000000
cuboid > 12
0.000991,0.012272,11956.330078,1.271971,0.031046,0.399864,1.271971,0.050553,0.051598,0.000141,-0.048527,-0.036476
0.029465,0.072755,2026.176758,5.453128,0.150557,1.769412,5.453128,0.130765,0.134647,0.004827,-0.110683,-0.475438
0.003713,0.039455,5528.668457,2.147051,0.057789,0.697176,2.147051,0.078645,0.080552,0.000610,-0.070899,-0.215061
0.000256,0.002705,27194.505859,0.740998,0.016074,0.223616,0.740998,0.030552,0.031061,0.000036,-0.030083,0.000000
0.317582,0.053766,101.145569,4.515866,0.245139,1.821038,4.515866,0.033878,0.037487,0.044748,-0.004814,-0.636371
cuboid > 13
0.000242,0.000690,26599.462891,0.701275,0.015477,0.209954,0.701275,0.028534,0.028740,0.000031,-0.028475,0.000000
0.001093,0.018562,11925.249023,1.351096,0.031578,0.412946,1.351096,0.049010,0.049626,0.000146,-0.047606,-0.140696
0.004656,0.015545,5599.020996,2.615229,0.062555,0.797629,2.615229,0.075536,0.076231,0.000625,-0.072837,-0.150579
0.223006,0.023295,39.952305,2.911101,0.124957,1.052107,2.911101,-0.007855,-0.007150,0.029547,0.015201,-0.336163
0.035484,0.038863,2015.649780,6.217958,0.164873,1.971950,6.217958,0.128987,0.131195,0.005417,-0.114059,-0.409365
cuboid > 14
0.000245,0.002251,28790.367188,0.726304,0.015691,0.219147,0.726304,0.030327,0.030999,0.000037,-0.029613,0.000000
0.001041,0.000000,12022.125000,1.317888,0.030048,0.393163,1.317888,0.044665,0.044665,0.000128,-0.044665,0.000000
0.059629,0.127601,1580.615479,8.057855,0.227883,2.604496,8.057855,0.165600,0.170875,0.010190,-0.129992,-2.076514
0.006763,0.004896,4924.595215,3.365515,0.081310,1.040329,3.365515,0.095040,0.096506,0.001003,-0.087954,0.000000
0.164817,0.016047,13.890718,1.963905,0.079226,0.686904,1.963905,-0.012785,-0.012349,0.021647,0.018026,-0.286889
cuboid > 15
0.000237,0.006605,27120.601562,0.698014,0.014957,0.209074,0.698014,0.028612,0.029041,0.000030,-0.028612,0.000000
0.001003,0.007644,11795.220703,1.233665,0.029798,0.381180,1.233665,0.046044,0.046442,0.000130,-0.045241,-0.034370
0.032668,0.085053,2007.795532,5.546309,0.161306,1.843235,5.546309,0.136221,0.140325,0.006103,-0.112861,-0.685526
0.004057,0.030795,5593.341309,2.376150,0.059697,0.744527,2.376150,0.075732,0.076738,0.000540,-0.072502,-0.251686
0.222137,0.030413,29.975903,2.574963,0.108614,0.936006,2.574963,-0.010912,-0.009832,0.031606,0.023607,-0.453271
cuboid > 16
0.000283,0.005323,26974.998047,0.759099,0.017218,0.238299,0.759099,0.034361,0.035578,0.000052,-0.032767,0.000000
0.000780,0.007533,11645.860352,0.951366,0.027174,0.317493,0.951366,0.045021,0.045638,0.000124,-0.042683,-0.011841
0.026605,0.083638,2054.663330,4.961164,0.153986,1.698435,4.961164,0.144198,0.148637,0.004482,-0.119363,-0.542167
0.003518,0.035349,5592.944336,2.059589,0.058448,0.684222,2.059589,0.080419,0.082333,0.000556,-0.073258,-0.191413
0.309730,0.042868,66.414581,3.529564,0.174228,1.363472,3.529564,0.004381,0.006634,0.043174,0.014873,-0.891536
cuboid > 17
0.003304,0.037543,5874.641602,2.025408,0.057315,0.681336,2.025408,0.080298,0.082362,0.000519,-0.073503,-0.126653
0.000771,0.014512,12442.847656,0.993925,0.027555,0.330854,0.993925,0.046492,0.047292,0.000119,-0.043934,-0.041315
0.301824,0.051137,74.333900,3.478975,0.180159,1.339560,3.478975,0.017332,0.019993,0.042375,0.003592,-0.780468
0.000264,0.006391,25235.953125,0.703773,0.016392,0.222743,0.703773,0.032040,0.032922,0.000042,-0.031208,-0.007798
0.021118,0.050759,2064.798584,3.991817,0.134000,1.428793,3.991817,0.130871,0.134835,0.003486,-0.111407,-0.265827
cuboid > 18
0.001311,0.016198,10467.738281,1.318256,0.036485,0.439569,1.318256,0.057018,0.057962,0.000202,-0.053631,-0.036329
21.433472,1.485086,-9.073767,1.818704,4.470946,0.675426,1.818704,-2.772198,-2.747902,2.709726,2.954339,-848.796021
0.013401,0.042818,3204.447998,3.761371,0.110737,1.270814,3.761371,0.117387,0.119970,0.002406,-0.099479,-0.215253
0.287330,0.042699,102.707184,3.581941,0.179746,1.370062,3.581941,0.019994,0.022333,0.040697,0.001378,-0.448438
0.000267,0.006048,23759.306641,0.678772,0.016663,0.218549,0.678772,0.032019,0.032611,0.000039,-0.031306,0.000000
cuboid > 19
0.290216,0.044050,69.247139,3.658681,0.182734,1.413494,3.658681,0.013523,0.015906,0.041100,0.008812,-0.844353
0.000991,0.010523,12325.593750,1.284918,0.031476,0.404732,1.284918,0.051296,0.052253,0.000144,-0.049083,-0.023487
0.000255,0.002996,26328.623047,0.720897,0.016224,0.222378,0.720897,0.031422,0.032102,0.000037,-0.030846,0.000000
0.004055,0.017087,5723.732910,2.414976,0.063223,0.778413,2.414976,0.084419,0.086502,0.000655,-0.077297,-0.075891
0.033559,0.046883,2045.774780,5.893743,0.166845,1.946864,5.893743,0.141941,0.146206,0.006115,-0.116029,-0.195998
cuboid > 20
0.004687,0.050684,5620.239258,2.666457,0.066549,0.838546,2.666457,0.085120,0.087403,0.000692,-0.079751,-0.255360
0.035214,0.106126,2049.906982,6.332699,0.170613,2.013764,6.332699,0.140068,0.143762,0.005786,-0.118052,-0.670966
0.242479,0.032745,39.892918,2.892368,0.120860,1.041545,2.892368,-0.008169,-0.006979,0.033517,0.020808,-0.610357
0.001122,0.012992,11530.515625,1.355652,0.032266,0.422148,1.355652,0.051657,0.052679,0.000155,-0.050359,0.000000
0.000267,0.008284,26684.351562,0.726029,0.016158,0.226332,0.726029,0.032574,0.033613,0.000049,-0.031336,0.000000
cuboid > 21
0.000251,0.005940,29476.472656,0.772445,0.015922,0.234762,0.772445,0.032952,0.034262,0.000041,-0.031868,0.000000
0.000927,0.023787,12394.868164,1.274640,0.030476,0.394512,1.274640,0.051500,0.052649,0.000130,-0.048988,-0.091397
0.058981,0.122627,1688.732666,8.027031,0.224038,2.588054,8.027031,0.165200,0.169734,0.010547,-0.124787,-0.659745
0.004775,0.041301,5250.004883,2.510284,0.067226,0.798537,2.510284,0.086581,0.088288,0.000771,-0.078239,-0.175122
0.216570,0.024289,14.557017,2.309485,0.093084,0.809251,2.309485,-0.017211,-0.016408,0.029750,0.026553,-0.313905
cuboid > 22
0.007979,0.056216,5028.809082,3.385607,0.092820,1.107060,3.385607,0.117047,0.121940,0.002200,-0.093285,-0.364271
0.000246,0.000830,27244.660156,0.737038,0.015763,0.217736,0.737038,0.029176,0.029423,0.000032,-0.028955,0.000000
0.074968,0.277703,1612.556885,10.344372,0.294527,3.356392,10.344372,0.230272,0.241081,0.015612,-0.150557,-2.344922
0.125356,0.024934,13.467098,1.605016,0.072769,0.598261,1.605016,-0.001576,-0.000299,0.019502,0.014960,-0.719895
0.001107,0.037599,11571.742188,1.377615,0.033892,0.433472,1.377615,0.055694,0.056848,0.000178,-0.051081,-0.141880
cuboid > 23
0.000721,0.011297,11952.727539,0.937285,0.024845,0.304297,0.937285,0.041099,0.041647,0.000091,-0.040704,-0.020578
0.002804,0.032121,5592.524902,1.614294,0.049450,0.549543,1.614294,0.068948,0.070175,0.000433,-0.063792,-0.255318
0.023101,0.077224,2189.032715,4.495397,0.141600,1.550034,4.495397,0.136242,0.141094,0.004395,-0.110140,-0.321202
0.000247,0.004039,27059.853516,0.709013,0.015549,0.215966,0.709013,0.030044,0.030632,0.000035,-0.029639,0.000000
0.153448,0.032126,20.421497,2.116581,0.090264,0.768214,2.116581,-0.002901,-0.001316,0.023603,0.017467,-0.740717
cuboid > 24
0.000242,0.004027,26216.466797,0.670888,0.015225,0.207635,0.670888,0.029329,0.029901,0.000032,-0.029196,0.000000
0.000577,0.023296,14100.660156,0.893812,0.023525,0.293344,0.893812,0.042399,0.043349,0.000080,-0.041247,-0.021485
0.022425,0.134232,2486.882568,5.097713,0.149413,1.723077,5.097713,0.158665,0.167328,0.004262,-0.125555,-0.932738
0.002506,0.029472,6622.430664,1.705135,0.049472,0.576932,1.705135,0.072419,0.074268,0.000416,-0.066320,-0.055854
0.190425,0.038567,25.357426,2.284147,0.096429,0.819075,2.284147,-0.003969,-0.002167,0.028085,0.019651,-0.813856
cuboid > 25
0.001047,0.019823,12040.159180,1.369975,0.033525,0.435161,1.369975,0.056750,0.058389,0.000162,-0.053606,0.000000
0.208284,0.048801,25.929218,2.565416,0.104391,0.907430,2.565416,-0.005849,-0.004014,0.032214,0.023783,-0.820627
0.004053,0.039622,5741.877441,2.399404,0.065412,0.793642,2.399404,0.091353,0.094629,0.000693,-0.081787,-0.096730
0.000271,0.004014,25865.546875,0.726157,0.016732,0.224894,0.726157,0.032067,0.032803,0.000043,-0.031221,0.000000
0.027500,0.076429,2167.380859,5.509053,0.164930,1.866451,5.509053,0.156641,0.161889,0.004920,-0.125778,-0.588364
cuboid > 26
0.001071,0.021244,12142.414062,1.374429,0.032182,0.431328,1.374429,0.054180,0.055929,0.000164,-0.052117,0.000000
0.046561,0.156198,1882.261108,7.513190,0.212174,2.466094,7.513190,0.175359,0.182323,0.008928,-0.132737,-0.956044
0.005055,0.055638,5604.561523,2.875244,0.071721,0.913983,2.875244,0.097816,0.101750,0.000899,-0.087318,-0.120113
0.000251,0.004970,26856.599609,0.733925,0.015722,0.221058,0.733925,0.030216,0.030891,0.000034,-0.030013,0.000000
0.164905,0.030281,27.640959,2.133020,0.095736,0.780280,2.133020,0.000336,0.001867,0.024515,0.014707,-0.942190
cuboid > 27
0.000244,0.017608,28865.044922,0.759307,0.015372,0.222998,0.759307,0.030094,0.030720,0.000032,-0.029966,0.000000
0.000863,0.008080,12313.475586,1.127436,0.028082,0.350962,1.127436,0.045073,0.045589,0.000119,-0.043805,0.000000
0.042934,0.142969,1880.368286,6.926545,0.210381,2.329938,6.926545,0.185104,0.192974,0.007991,-0.138530,-1.017269
0.004327,0.018502,5490.407227,2.350347,0.063177,0.756676,2.350347,0.082864,0.084802,0.000743,-0.075469,-0.048440
0.120358,0.031960,19.781036,1.973132,0.081925,0.708706,1.973132,0.002822,0.004253,0.018093,0.010449,-0.614250
cuboid > 28
0.000244,0.000000,28040.509766,0.748952,0.015625,0.216193,0.748952,0.028178,0.028178,0.000030,-0.028178,0.000000
0.001086,0.007996,11869.052734,1.316701,0.035959,0.426807,1.316701,0.060578,0.062061,0.000204,-0.054152,0.000000
0.094225,0.180134,1433.059448,11.083017,0.312384,3.608892,11.083017,0.213233,0.221134,0.017803,-0.142972,-1.442633
0.009164,0.202517,4592.680664,4.042130,0.115170,1.356412,4.042130,0.159106,0.168132,0.002504,-0.114643,-1.212298
0.117467,0.025964,15.705863,1.807757,0.073319,0.638169,1.807757,-0.000825,0.000233,0.017085,0.010394,-0.656605
cuboid > 29
0.000261,0.025763,32436.830078,0.855692,0.015903,0.257395,0.855692,0.035922,0.037843,0.000043,-0.034635,0.000000
0.001131,0.026910,11643.239258,1.337625,0.034541,0.428859,1.337625,0.057671,0.059139,0.000186,-0.053032,-0.180023
0.027593,0.011769,10.615502,0.534488,0.025841,0.202441,0.534488,0.004862,0.005331,0.003999,-0.001430,-0.172122
0.006360,0.107188,5188.382812,3.303235,0.084827,1.039622,3.303235,0.112386,0.116142,0.001050,-0.096951,-0.492322
0.044557,0.172942,1783.415039,7.110353,0.207264,2.359202,7.110353,0.181040,0.189798,0.008358,-0.135683,-0.965735
cuboid > 30
0.001041,0.054624,11731.266602,1.312919,0.032958,0.429454,1.312919,0.059986,0.062932,0.000178,-0.054880,-0.074544
0.067196,0.163935,1650.257202,9.089805,0.259062,2.970485,9.089805,0.201359,0.210305,0.012354,-0.145867,-1.070667
0.006395,0.148358,5168.432617,3.265719,0.091002,1.096870,3.265719,0.133849,0.143133,0.001431,-0.106454,-0.395961
0.031261,0.011999,11.182381,0.695327,0.030390,0.254361,0.695327,0.005215,0.005876,0.004692,-0.000934,-0.173791
0.000322,0.009950,28833.287109,0.961494,0.018875,0.289726,0.961494,0.039346,0.041130,0.000061,-0.037303,0.000000
cuboid > 31
0.005809,0.081520,5184.620605,3.106141,0.078772,0.998861,3.106141,0.107082,0.112258,0.001142,-0.091291,-0.572940
0.001103,0.013393,12026.082031,1.381759,0.031981,0.421232,1.381759,0.049901,0.050500,0.000145,-0.048503,-0.043661
0.043451,0.019434,13.531799,0.840573,0.035672,0.305393,0.840573,0.004759,0.005601,0.006605,0.000998,-0.211879
0.051208,0.208842,1807.101318,8.116862,0.228973,2.682772,8.116862,0.197275,0.206988,0.010010,-0.143581,-0.589524
0.000244,0.000000,28313.513672,0.756243,0.015625,0.217315,0.756243,0.028178,0.028178,0.000030,-0.028178,0.000000
cuboid > 32
0.000275,0.008681,26924.927734,0.795931,0.016406,0.237848,0.795931,0.033137,0.034305,0.000040,-0.032877,0.000000
0.001024,0.012939,11944.486328,1.285621,0.032544,0.415771,1.285621,0.056157,0.058130,0.000182,-0.052397,0.000000
0.058873,0.018482,11.026441,1.061935,0.038955,0.364543,1.061935,0.000936,0.001493,0.008465,0.003720,-0.142755
0.004838,0.066072,5252.584961,2.575543,0.069289,0.832591,2.575543,0.093098,0.095804,0.000796,-0.081969,-0.471941
0.087534,0.172134,1553.823486,11.058382,0.297003,3.574704,11.058382,0.212768,0.224846,0.015683,-0.149022,-0.523028
cuboid > 33
0.000271,0.006563,27428.990234,0.791629,0.016094,0.234062,0.791629,0.031114,0.031768,0.000039,-0.030622,0.000000
0.001032,0.015954,11916.877930,1.280336,0.030464,0.404442,1.280336,0.050555,0.052180,0.000174,-0.047690,-0.042973
0.036146,0.014829,12.067271,0.681991,0.033230,0.255518,0.681991,0.005699,0.006396,0.005307,-0.001231,-0.238343
0.006579,0.074324,5166.733398,3.268011,0.083363,1.038217,3.268011,0.106290,0.110992,0.001381,-0.088993,-0.257180
0.071693,0.142315,1757.671631,10.372216,0.287869,3.435144,10.372216,0.228414,0.243386,0.017067,-0.148244,-0.734816
cuboid > 34
0.000706,0.025181,11408.372070,0.927492,0.026117,0.310026,0.927492,0.045313,0.046307,0.000101,-0.043059,-0.058041
0.000246,0.000612,27570.957031,0.731189,0.015743,0.215691,0.731189,0.028942,0.029125,0.000032,-0.028688,0.000000
0.058317,0.154444,1778.640381,8.904923,0.238311,2.861869,8.904923,0.188161,0.196359,0.010073,-0.142806,-0.812728
0.005711,0.055515,5209.155273,2.886977,0.076605,0.935007,2.886977,0.101935,0.105848,0.001078,-0.086791,-0.263072
0.023750,0.008233,14.562043,0.674337,0.029037,0.246671,0.674337,0.007441,0.008006,0.003523,-0.003756,-0.063843
cuboid > 35
0.000288,0.008654,26886.669922,0.801441,0.018247,0.246442,0.801441,0.035201,0.035846,0.000046,-0.033547,0.000000
0.000940,0.021824,11722.030273,1.220826,0.030736,0.389483,1.220826,0.052138,0.053611,0.000146,-0.049276,0.000000
0.021401,0.012319,16.176424,0.655568,0.026571,0.232821,0.655568,0.007075,0.007535,0.003017,-0.004437,-0.174665
0.005701,0.046956,5155.086914,3.007242,0.081587,0.988559,3.007242,0.111235,0.115409,0.001076,-0.095136,-0.123205
0.056864,0.135662,1741.811279,8.606156,0.231589,2.787784,8.606156,0.184251,0.192373,0.009799,-0.140661,-0.660215
