cuboid > 1
0.001360,0.010630,12167.216797,1.701846,0.035726,0.494364,1.701846,0.052289,0.052561,0.000169,-0.051692,-0.039606
0.107999,0.011230,26.637691,1.899235,0.090138,0.707964,1.899235,0.004068,0.004431,0.014165,-0.000313,-0.082063
0.000233,0.001365,31167.132812,0.756697,0.014942,0.217384,0.756697,0.028178,0.028585,0.000030,-0.028178,0.000000
0.004613,0.041231,5642.163086,2.707165,0.062843,0.807181,2.707165,0.075204,0.075483,0.000587,-0.072260,-0.174228
0.050556,0.082892,1839.719360,7.849856,0.201725,2.434716,7.849856,0.144245,0.146384,0.007404,-0.124378,-0.590453
cuboid > 2
0.001014,0.029805,11764.931641,1.259038,0.029814,0.390844,1.259038,0.049046,0.050170,0.000141,-0.047618,-0.042900
0.137615,0.016060,47.893490,2.427712,0.124461,0.931780,2.427712,0.013695,0.014461,0.018231,-0.007761,-0.059100
0.004149,0.034558,5347.078125,2.256463,0.060809,0.733095,2.256463,0.081415,0.083715,0.000784,-0.072515,-0.113579
0.000243,0.002000,27751.162109,0.745192,0.015484,0.218995,0.745192,0.029225,0.029614,0.000031,-0.029225,0.000000
0.042772,0.041278,1862.301392,6.822423,0.174783,2.142672,6.822423,0.127423,0.129813,0.006046,-0.114852,-0.288591
cuboid > 3
0.005054,0.014551,5189.832520,2.570486,0.067404,0.823253,2.570486,0.083003,0.084180,0.000791,-0.076639,-0.051094
0.000248,0.004306,24880.001953,0.679371,0.015722,0.209623,0.679371,0.029504,0.029784,0.000032,-0.029349,0.000000
0.144366,0.016351,86.038162,2.743987,0.178820,1.133796,2.743987,0.051810,0.053302,0.019333,-0.040149,-0.174527
0.034291,0.043448,1795.840820,5.310023,0.161819,1.796721,5.310023,0.132790,0.135773,0.005371,-0.114349,-0.174131
0.000949,0.012309,11187.755859,1.141612,0.029424,0.367504,1.141612,0.047723,0.048631,0.000141,-0.045736,-0.032065
cuboid > 4
0.127575,0.021941,75.468239,2.236224,0.173458,0.923265,2.236224,0.062981,0.064960,0.016893,-0.048131,-0.277580
0.000979,0.018349,11614.025391,1.172739,0.031820,0.384333,1.172739,0.053221,0.054310,0.000164,-0.049126,-0.063484
0.036434,0.156326,1886.648560,6.346568,0.192115,2.146517,6.346568,0.172027,0.178213,0.006483,-0.132774,-1.497295
0.005159,0.052170,5478.782715,2.782220,0.078196,0.929410,2.782220,0.105506,0.108344,0.001025,-0.088623,-0.444689
0.000261,0.006027,26765.699219,0.737828,0.016088,0.226401,0.737828,0.031995,0.032903,0.000039,-0.031334,0.000000
cuboid > 5
0.000810,0.019226,11465.903320,0.994911,0.026917,0.324920,0.994911,0.043935,0.044411,0.000112,-0.042430,-0.129605
0.097475,0.014432,72.530373,1.900798,0.130640,0.797223,1.900798,0.043519,0.044799,0.012753,-0.035393,-0.089277
0.003994,0.027570,5445.013672,2.201033,0.060493,0.719621,2.201033,0.079881,0.081301,0.000641,-0.073166,-0.121105
0.000232,0.007757,27844.910156,0.669719,0.014638,0.206641,0.669719,0.029176,0.029972,0.000032,-0.029044,0.000000
0.028361,0.058108,2064.022705,5.284493,0.149575,1.731186,5.284493,0.129906,0.132909,0.004170,-0.114887,-0.193044
cuboid > 6
0.000242,0.000313,27906.296875,0.737182,0.015469,0.214192,0.737182,0.028178,0.028271,0.000030,-0.028178,0.000000
0.001112,0.000626,11613.378906,1.355676,0.031216,0.407291,1.355676,0.046661,0.046848,0.000138,-0.046406,0.000000
0.004297,0.031668,5489.570312,2.482337,0.059683,0.762684,2.482337,0.075000,0.076293,0.000603,-0.071628,-0.215344
0.070949,0.004053,39.557758,1.474787,0.076942,0.580010,1.474787,0.012507,0.012796,0.008902,-0.010644,-0.048260
0.035979,0.048402,1888.727173,5.929183,0.156395,1.882827,5.929183,0.119938,0.122178,0.005020,-0.109900,-0.204470
cuboid > 7
0.000955,0.007879,11602.053711,1.204867,0.029541,0.376054,1.204867,0.046713,0.047376,0.000135,-0.045364,-0.021306
0.004741,0.025499,5227.211426,2.528528,0.061761,0.784061,2.528528,0.076384,0.077457,0.000660,-0.072412,-0.079156
0.000245,0.000706,28444.179688,0.749990,0.015487,0.217676,0.749990,0.028437,0.028648,0.000031,-0.028437,0.000000
0.038298,0.004071,14.404131,0.840313,0.036620,0.306828,0.840313,0.003141,0.003284,0.004862,-0.002193,-0.048591
0.029054,0.050727,1920.491211,4.876997,0.139163,1.598268,4.876997,0.114403,0.116201,0.003973,-0.105210,-0.294618
cuboid > 8
0.000244,0.000000,27213.917969,0.726883,0.015625,0.212797,0.726883,0.028178,0.028178,0.000030,-0.028178,0.000000
0.000869,0.020632,11855.550781,1.074668,0.027287,0.340734,1.074668,0.043882,0.044287,0.000110,-0.042943,-0.154462
0.083766,0.055950,1552.098755,10.774719,0.273967,3.378543,10.774719,0.168786,0.173193,0.013397,-0.138071,-1.514987
0.007342,0.017479,4899.145020,3.626333,0.083090,1.097023,3.626333,0.093512,0.095026,0.001003,-0.089824,-0.083188
0.317485,0.034518,25.586004,3.506996,0.159727,1.312315,3.506996,-0.021713,-0.020499,0.042891,0.033544,-0.481610
cuboid > 9
0.000249,0.001250,27271.404297,0.743516,0.015716,0.219747,0.743516,0.029346,0.029720,0.000033,-0.029224,0.000000
0.000967,0.009470,11604.279297,1.197394,0.028946,0.370321,1.197394,0.045253,0.045738,0.000125,-0.044528,-0.038881
0.416431,0.039577,54.865761,4.556969,0.232014,1.767390,4.556969,-0.009947,-0.007959,0.055693,0.027888,-0.673850
0.004296,0.044976,5397.648438,2.477547,0.061596,0.776500,2.477547,0.078746,0.080211,0.000612,-0.073715,-0.142590
0.049514,0.076686,1826.918823,7.660923,0.199218,2.418399,7.660923,0.146214,0.150017,0.007693,-0.122962,-0.487762
cuboid > 10
0.005411,0.029808,5168.649902,2.794197,0.071326,0.890806,2.794197,0.089457,0.091526,0.000829,-0.081917,-0.118356
0.000242,0.000904,26564.431641,0.702166,0.015486,0.210859,0.702166,0.028743,0.029012,0.000030,-0.028743,0.000000
0.000840,0.006705,11231.295898,1.021662,0.027534,0.332406,1.021662,0.044688,0.045238,0.000117,-0.043315,-0.010124
0.439627,0.044200,92.744095,5.111466,0.324072,2.094639,5.111466,0.049093,0.052880,0.060061,-0.014740,-0.694816
0.041707,0.053897,1788.334473,6.451198,0.195035,2.180614,6.451198,0.157867,0.161802,0.007448,-0.124986,-0.408057
cuboid > 11
0.001164,0.022653,11695.876953,1.381902,0.036957,0.448990,1.381902,0.059977,0.060889,0.000216,-0.053589,-0.150903
0.005910,0.075784,5602.960938,3.152284,0.090384,1.057719,3.152284,0.122522,0.126033,0.001355,-0.096988,-0.805348
0.415580,0.041591,85.193710,4.609162,0.314624,1.828205,4.609162,0.055898,0.059501,0.055955,-0.022516,-0.884262
0.045598,0.122214,1913.991821,7.639936,0.232963,2.607291,7.639936,0.203503,0.210149,0.009772,-0.141125,-1.799247
0.000274,0.003872,26365.005859,0.751443,0.017369,0.235762,0.751443,0.034337,0.035328,0.000046,-0.032880,0.000000
cuboid > 12
0.000952,0.013166,11852.064453,1.195927,0.030557,0.377197,1.195927,0.049073,0.049697,0.000143,-0.046481,-0.040277
0.035136,0.078158,1883.209229,5.839567,0.175710,1.953509,5.839567,0.149155,0.153228,0.005837,-0.121784,-0.412560
0.003907,0.020380,5452.322754,2.219536,0.060329,0.715998,2.219536,0.077926,0.079046,0.000572,-0.072670,-0.110335
0.000251,0.001585,26496.232422,0.705141,0.015776,0.215206,0.705141,0.029691,0.030165,0.000035,-0.029377,0.000000
0.375095,0.034281,80.023560,4.258241,0.271511,1.726330,4.258241,0.039774,0.042744,0.049978,-0.012457,-0.541352
cuboid > 13
0.000241,0.001829,27876.517578,0.727518,0.015259,0.212754,0.727518,0.028178,0.028315,0.000030,-0.028178,0.000000
0.001025,0.001116,11766.606445,1.279456,0.029725,0.386203,1.279456,0.044612,0.044724,0.000126,-0.044612,0.000000
0.004602,0.028761,5545.308594,2.640441,0.061202,0.793358,2.640441,0.072951,0.073381,0.000579,-0.071086,-0.089510
0.302787,0.021022,56.937321,3.781729,0.188742,1.476027,3.781729,-0.003534,-0.002437,0.039431,0.013600,-0.382399
0.037977,0.041218,1856.471191,6.391640,0.172542,2.057548,6.391640,0.132896,0.135471,0.005595,-0.118743,-0.227598
cuboid > 14
0.000247,0.019598,29344.417969,0.780854,0.014737,0.234911,0.780854,0.032313,0.033852,0.000036,-0.032107,0.000000
0.001090,0.001191,11705.864258,1.344929,0.031462,0.408417,1.344929,0.047913,0.048269,0.000150,-0.046740,0.000000
0.041920,0.048461,1777.019775,6.563161,0.179994,2.112054,6.563161,0.137068,0.139854,0.006026,-0.122489,-0.535453
0.006138,0.010038,5155.326172,3.141699,0.072168,0.940524,3.141699,0.082091,0.082607,0.000807,-0.079831,-0.030283
0.208602,0.014042,20.865486,2.549192,0.108924,0.928729,2.549192,-0.014858,-0.014244,0.027314,0.020799,-0.270683
cuboid > 15
0.000240,0.000490,27904.060547,0.732497,0.015380,0.213360,0.732497,0.028178,0.028324,0.000030,-0.028178,0.000000
0.000992,0.000761,11799.190430,1.185908,0.028515,0.364107,1.185908,0.043281,0.043508,0.000123,-0.043152,0.000000
0.054641,0.107551,1766.220825,8.134503,0.216959,2.578207,8.134503,0.156692,0.160833,0.008872,-0.129938,-0.530293
0.007839,0.002961,4995.650391,3.810184,0.085753,1.135709,3.810184,0.094885,0.095771,0.001134,-0.088970,0.000000
0.353787,0.052327,24.060434,3.878536,0.163236,1.417986,3.878536,-0.024314,-0.022319,0.052106,0.047315,-0.569104
cuboid > 16
0.000244,0.001934,27604.253906,0.715360,0.015507,0.216037,0.715360,0.029645,0.030223,0.000032,-0.029518,0.000000
0.001092,0.007490,11577.569336,1.349342,0.031588,0.414369,1.349342,0.049361,0.050127,0.000146,-0.048402,-0.003785
0.051482,0.068432,1873.313721,8.099771,0.216425,2.594341,8.099771,0.164306,0.168800,0.008907,-0.130641,-0.607960
0.005034,0.035195,5689.629883,2.908117,0.074343,0.925460,2.908117,0.098146,0.100856,0.000902,-0.085322,-0.209710
0.413340,0.046604,39.326427,4.360373,0.201141,1.639310,4.360373,-0.020610,-0.018239,0.061041,0.047994,-1.078040
cuboid > 17
0.004431,0.030472,5619.451660,2.588229,0.064676,0.814177,2.588229,0.083066,0.084696,0.000653,-0.077576,-0.119951
0.000993,0.012551,11550.318359,1.237680,0.030821,0.390203,1.237680,0.049496,0.050246,0.000141,-0.047723,-0.032107
0.440103,0.064874,61.523918,4.930334,0.247076,1.888145,4.930334,0.002775,0.006059,0.064234,0.030207,-0.719142
0.000251,0.004970,25904.298828,0.709377,0.016016,0.217441,0.709377,0.030533,0.031055,0.000034,-0.030203,0.000000
0.030267,0.064702,2071.605713,5.613424,0.168297,1.902359,5.613424,0.152169,0.157092,0.005688,-0.120995,-0.356943
cuboid > 18
0.001165,0.018568,11723.957031,1.360307,0.036192,0.446785,1.360307,0.059800,0.061144,0.000227,-0.053420,-0.097839
10.109665,2.433407,23.883156,21.020380,3.372018,6.441594,21.020380,-1.181221,-1.142119,1.550057,1.795128,-392.871521
0.011257,0.058511,4039.952881,3.790359,0.115523,1.303583,3.790359,0.135642,0.139657,0.002606,-0.104671,-0.705874
0.437389,0.057585,96.306282,4.856961,0.245439,1.831936,4.856961,0.008424,0.011581,0.064671,0.028897,-0.560471
0.000281,0.001963,25309.015625,0.724761,0.017397,0.228230,0.724761,0.032915,0.033485,0.000047,-0.031657,0.000000
cuboid > 19
0.467164,0.057932,50.880299,4.620100,0.242680,1.779023,4.620100,-0.005052,-0.002049,0.066317,0.037801,-0.989602
0.000911,0.006927,11740.977539,1.121133,0.028818,0.355079,1.121133,0.045603,0.046034,0.000125,-0.044108,-0.067680
0.000241,0.007661,25492.570312,0.668903,0.015287,0.205183,0.668903,0.028811,0.029133,0.000031,-0.028758,0.000000
0.004371,0.025883,5520.599609,2.373617,0.065157,0.769520,2.373617,0.085771,0.087922,0.000819,-0.076319,-0.051770
0.031905,0.048713,2036.030640,5.535550,0.170723,1.875783,5.535550,0.152856,0.157938,0.006359,-0.118108,-0.220655
cuboid > 20
0.005319,0.020721,5205.488281,2.760894,0.066679,0.851570,2.760894,0.080721,0.082081,0.000752,-0.076963,-0.097358
0.047400,0.080411,1697.726807,6.521194,0.200356,2.201211,6.521194,0.156109,0.160250,0.009460,-0.117951,-0.661751
0.415622,0.042334,39.648548,4.464911,0.203460,1.675680,4.464911,-0.024887,-0.022860,0.059594,0.048514,-1.305847
0.000946,0.017785,11532.287109,1.211756,0.028966,0.374206,1.211756,0.046145,0.046772,0.000122,-0.045062,-0.056845
0.000242,0.011041,28459.005859,0.745594,0.015364,0.218463,0.745594,0.029251,0.029705,0.000030,-0.028893,-0.045862
cuboid > 21
0.000253,0.001153,27018.732422,0.781251,0.016201,0.228611,0.781251,0.030257,0.030601,0.000031,-0.030257,0.000000
0.001113,0.017987,11988.324219,1.411512,0.031613,0.422003,1.411512,0.048681,0.049169,0.000140,-0.048313,0.000000
0.079403,0.106875,1633.265625,9.995309,0.285355,3.266871,9.995309,0.200301,0.206940,0.018564,-0.125663,-0.896633
0.005414,0.068342,5225.538574,2.844150,0.069000,0.872255,2.844150,0.087084,0.088837,0.000739,-0.082632,-0.054477
0.312739,0.026753,17.356640,3.447851,0.144737,1.253950,3.447851,-0.024217,-0.022638,0.044101,0.041562,-0.475263
cuboid > 22
0.002732,0.012978,7181.763672,1.811258,0.047312,0.578330,1.811258,0.065412,0.066502,0.000434,-0.059996,-0.072569
0.000297,0.009375,30187.267578,0.945336,0.016477,0.281818,0.945336,0.036636,0.039440,0.000070,-0.034523,0.000000
0.071303,0.180496,1797.942871,9.631594,0.283269,3.240411,9.631594,0.227217,0.243816,0.018235,-0.135924,-1.259360
0.265852,0.074273,18.545097,3.356448,0.139505,1.219499,3.356448,-0.012715,-0.009738,0.043230,0.042001,-0.829664
0.000686,0.050323,15134.930664,1.108163,0.028360,0.345151,1.108163,0.050864,0.051989,0.000118,-0.045096,-0.189701
cuboid > 23
0.000567,0.015681,15468.705078,0.912951,0.023468,0.290749,0.912951,0.040319,0.040772,0.000079,-0.038818,-0.049472
0.002606,0.061085,6883.200684,1.835048,0.047872,0.581862,1.835048,0.066966,0.067987,0.000375,-0.062169,-0.191047
0.043805,0.133906,2181.896973,7.271129,0.208859,2.403711,7.271129,0.175042,0.182170,0.011357,-0.121294,-0.666367
0.000234,0.002268,30063.037109,0.733139,0.014945,0.213760,0.733139,0.028996,0.029673,0.000030,-0.028996,0.000000
0.287847,0.069432,22.937820,3.601157,0.152297,1.312720,3.601157,-0.011179,-0.007830,0.046975,0.044562,-1.054577
cuboid > 24
0.000212,0.006516,31474.521484,0.679934,0.013418,0.205984,0.679934,0.028778,0.030186,0.000031,-0.028738,0.000000
0.000378,0.017402,17432.275391,0.724214,0.019150,0.240185,0.724214,0.035792,0.036580,0.000052,-0.034704,-0.049651
0.026731,0.073411,2781.054443,5.754582,0.161412,1.912157,5.754582,0.153514,0.160678,0.006951,-0.114928,-0.232201
0.002366,0.010676,7619.910156,1.862892,0.048076,0.598535,1.862892,0.068412,0.069709,0.000342,-0.065123,-0.023935
0.278971,0.076775,34.262028,3.797089,0.162530,1.398187,3.797089,-0.001952,0.001906,0.046670,0.039074,-1.085292
cuboid > 25
0.000486,0.016501,14586.273438,0.719817,0.021989,0.251347,0.719817,0.040523,0.041578,0.000082,-0.038337,0.000000
0.355093,0.076605,36.309662,4.213037,0.178096,1.530427,4.213037,-0.015627,-0.012003,0.058869,0.052635,-1.388818
0.002378,0.044152,7604.308594,1.698839,0.051879,0.587121,1.698839,0.080603,0.083737,0.000487,-0.069680,-0.122875
0.000256,0.015003,24457.195312,0.640622,0.015360,0.208535,0.640622,0.031494,0.032658,0.000036,-0.031177,0.000000
0.025981,0.141190,2639.979980,5.729647,0.163439,1.911624,5.729647,0.165492,0.173892,0.006037,-0.123347,-1.185395
cuboid > 26
0.000348,0.001503,17099.085938,0.638248,0.018397,0.218233,0.638248,0.033279,0.033728,0.000047,-0.032854,0.000000
0.043034,0.113980,2106.846924,7.162056,0.200319,2.389738,7.162056,0.174414,0.185856,0.009783,-0.121432,-0.650445
0.002065,0.031968,6831.478516,1.446215,0.043328,0.494444,1.446215,0.062401,0.063241,0.000292,-0.059097,-0.076164
0.000250,0.002220,28939.744141,0.788874,0.015995,0.231332,0.788874,0.030848,0.031510,0.000035,-0.030404,0.000000
0.306805,0.070683,28.454393,3.642419,0.172578,1.380614,3.642419,-0.005103,-0.001251,0.048338,0.039431,-1.309773
cuboid > 27
0.000250,0.003063,28415.746094,0.747214,0.015288,0.223474,0.747214,0.029896,0.030811,0.000035,-0.029834,0.000000
0.000940,0.011046,11011.044922,1.194902,0.031184,0.387916,1.194902,0.052604,0.053956,0.000145,-0.049934,0.000000
0.056745,0.154982,1900.216797,8.165851,0.229251,2.660678,8.165851,0.181090,0.188929,0.011944,-0.123870,-1.590124
0.003904,0.017298,5584.308594,2.298886,0.062146,0.747916,2.298886,0.084677,0.086967,0.000612,-0.077648,-0.070379
0.295261,0.069834,23.393162,3.964872,0.163451,1.439059,3.964872,-0.012010,-0.008759,0.046818,0.043163,-0.881409
cuboid > 28
0.000244,0.000000,28662.847656,0.765571,0.015625,0.218750,0.765571,0.028178,0.028178,0.000030,-0.028178,0.000000
0.000774,0.002854,12154.800781,0.994136,0.025953,0.318450,0.994136,0.042308,0.042727,0.000102,-0.041426,0.000000
0.127416,0.231752,1539.549561,14.493517,0.416901,4.823531,14.493517,0.288028,0.308600,0.037065,-0.133179,-2.398530
0.007780,0.036638,4871.125977,3.557974,0.094991,1.131013,3.557974,0.117775,0.121104,0.001602,-0.095920,-0.052373
0.213493,0.049324,20.745611,3.119902,0.132971,1.139434,3.119902,-0.000999,0.001547,0.034147,0.027486,-0.862504
cuboid > 29
0.000231,0.001632,28936.728516,0.717766,0.014809,0.210821,0.717766,0.028178,0.028665,0.000030,-0.028178,0.000000
0.001576,0.053479,11062.866211,1.757476,0.042504,0.572056,1.757476,0.078266,0.082995,0.000345,-0.068948,0.000000
0.060009,0.021114,17.473227,1.303601,0.058207,0.480648,1.303601,0.007937,0.008990,0.009042,0.000333,-0.218770
0.004977,0.091309,5422.711914,2.851363,0.065587,0.853316,2.851363,0.082492,0.084204,0.000660,-0.076801,-0.719978
0.073132,0.215739,1898.929688,11.488577,0.299264,3.710866,11.488577,0.238738,0.254967,0.016476,-0.153363,-1.337731
cuboid > 30
0.001002,0.031901,12392.349609,1.317167,0.029961,0.391276,1.317167,0.046249,0.046443,0.000125,-0.044685,-0.127345
0.145210,0.229235,1319.762573,15.780871,0.407859,4.988601,15.780871,0.252528,0.269813,0.026250,-0.164484,-0.809542
0.005467,0.054816,5268.933594,2.740448,0.066721,0.843238,2.740448,0.081127,0.082355,0.000738,-0.075662,-0.251645
0.067392,0.026961,14.339103,1.418861,0.061856,0.521172,1.418861,0.007461,0.008762,0.010028,0.001605,-0.225021
0.000244,0.000000,28662.890625,0.765571,0.015625,0.218750,0.765571,0.028178,0.028178,0.000030,-0.028178,0.000000
cuboid > 31
0.004305,0.113863,5645.408203,2.595284,0.064664,0.831282,2.595284,0.091755,0.095589,0.000668,-0.080172,-0.674139
0.001460,0.034610,11701.330078,1.457771,0.037594,0.469758,1.457771,0.061586,0.064203,0.000431,-0.051908,-0.120657
0.072544,0.034480,18.458853,1.463251,0.067110,0.540349,1.463251,0.008699,0.010008,0.010349,-0.000292,-0.327048
0.072795,0.209009,1746.939331,9.781768,0.290493,3.349849,9.781768,0.241258,0.262691,0.019665,-0.127557,-1.399167
0.000240,0.001126,23598.402344,0.603297,0.015211,0.194517,0.603297,0.028358,0.028694,0.000031,-0.028358,0.000000
cuboid > 32
0.000245,0.000825,23256.019531,0.609478,0.015540,0.196550,0.609478,0.028698,0.028945,0.000032,-0.028573,0.000000
0.000710,0.005690,12161.656250,0.886340,0.024554,0.293922,0.886340,0.039559,0.039868,0.000088,-0.039384,-0.025339
0.086473,0.033692,25.031086,1.831857,0.074436,0.651115,1.831857,0.008259,0.009760,0.013263,0.002878,-0.419601
0.002554,0.018824,5895.041504,1.567041,0.046660,0.534566,1.567041,0.062929,0.063550,0.000328,-0.061269,-0.092552
0.025035,0.122765,2126.247559,4.522627,0.133210,1.505417,4.522627,0.127460,0.134020,0.004201,-0.104106,-0.218385
cuboid > 33
0.000242,0.000280,23060.306641,0.604934,0.015485,0.193992,0.604934,0.028178,0.028262,0.000030,-0.028178,0.000000
0.000459,0.000545,12817.899414,0.593710,0.020122,0.216477,0.593710,0.034256,0.034419,0.000059,-0.033929,0.000000
0.065385,0.033171,25.575577,1.460768,0.068692,0.554685,1.460768,0.013608,0.015159,0.009740,-0.003867,-0.281102
0.002803,0.022642,5881.064453,1.628796,0.050800,0.560211,1.628796,0.068352,0.068827,0.000449,-0.063309,-0.137013
0.058363,0.278763,1881.202637,8.721020,0.231719,2.849536,8.721020,0.194757,0.212105,0.012454,-0.132275,-1.581986
cuboid > 34
0.000914,0.064272,10815.276367,1.143530,0.030300,0.378300,1.143530,0.055574,0.057986,0.000165,-0.050002,-0.122678
0.000244,0.002489,30516.779297,0.810360,0.015625,0.233684,0.810360,0.030423,0.031165,0.000031,-0.030423,0.000000
0.082181,0.205880,1624.997681,11.060310,0.299110,3.590597,11.060310,0.220717,0.233289,0.016486,-0.148034,-0.901059
0.004354,0.063772,5287.579590,2.393410,0.069857,0.805151,2.393410,0.103132,0.107958,0.000885,-0.085428,-0.072880
0.064044,0.025842,19.671064,1.528161,0.064716,0.551166,1.528161,0.009823,0.010976,0.009426,-0.001391,-0.347507
cuboid > 35
0.000265,0.010680,29507.259766,0.834945,0.016693,0.261472,0.834945,0.037809,0.040198,0.000047,-0.036209,0.000000
0.000881,0.047884,10575.201172,1.056564,0.028041,0.345033,1.056564,0.048666,0.049981,0.000131,-0.045256,-0.138716
0.046426,0.027312,17.254108,1.069935,0.053231,0.404333,1.069935,0.011895,0.013010,0.006643,-0.005617,-0.320190
0.006908,0.090465,4610.450195,3.244412,0.086082,1.049274,3.244412,0.115338,0.120792,0.001332,-0.095568,-0.288716
0.108099,0.190241,1312.863892,12.277798,0.332576,3.994980,12.277798,0.226237,0.240016,0.018568,-0.161499,-0.432255
