cuboid > 1
0.001379,0.014063,11594.992188,1.670472,0.035465,0.485236,1.670472,0.051100,0.051186,0.000169,-0.050583,-0.056136
0.050109,0.004603,15.336447,0.914343,0.046969,0.369004,0.914343,0.004471,0.004666,0.006357,-0.003073,-0.019567
0.000238,0.000760,29316.453125,0.740888,0.015245,0.214952,0.740888,0.028178,0.028405,0.000030,-0.028178,0.000000
0.007647,0.001621,5091.678711,3.855897,0.083996,1.134845,3.855897,0.090779,0.091265,0.001004,-0.087911,0.000000
0.098762,0.091488,1351.130005,11.445509,0.290394,3.577832,11.445509,0.164920,0.168328,0.014389,-0.138350,-0.271874
cuboid > 2
0.001254,0.000490,11277.006836,1.465880,0.033062,0.436357,1.465880,0.048230,0.048376,0.000154,-0.048172,0.000000
0.061742,0.005897,25.867334,1.257860,0.061254,0.491016,1.257860,0.007513,0.007785,0.007919,-0.005495,-0.081670
0.005768,0.009120,5442.249023,3.196041,0.073236,0.956603,3.196041,0.084439,0.084974,0.000775,-0.081075,-0.065429
0.000244,0.000000,27640.982422,0.738290,0.015625,0.214552,0.738290,0.028178,0.028178,0.000030,-0.028178,0.000000
0.062482,0.032304,1722.321167,9.268682,0.226843,2.879645,9.268682,0.145815,0.148432,0.008338,-0.135056,-0.132499
cuboid > 3
0.003825,0.036871,5562.566895,2.180384,0.059020,0.707726,2.180384,0.078135,0.079789,0.000605,-0.072195,-0.043338
0.000238,0.002245,27434.351562,0.706677,0.015093,0.209770,0.706677,0.028290,0.028629,0.000030,-0.028290,0.000000
0.090239,0.015501,63.788521,1.926867,0.106745,0.794718,1.926867,0.025362,0.026211,0.011846,-0.018921,-0.169027
0.030890,0.061237,1931.469116,5.321043,0.152967,1.765644,5.321043,0.129423,0.133093,0.004982,-0.110919,-0.203842
0.000880,0.000660,11600.039062,1.078696,0.027145,0.337179,1.078696,0.041978,0.042176,0.000110,-0.041829,0.000000
cuboid > 4
0.109693,0.025678,82.962944,2.165945,0.150522,0.940135,2.165945,0.053992,0.055932,0.014949,-0.040218,-0.313981
0.000779,0.008005,11524.449219,0.957049,0.026871,0.318082,0.957049,0.044542,0.045152,0.000114,-0.042667,-0.023254
0.039647,0.086238,1871.767578,6.513966,0.187939,2.154663,6.513966,0.156072,0.160820,0.006631,-0.126776,-0.801179
0.004484,0.035955,5425.881836,2.504535,0.070635,0.839748,2.504535,0.096965,0.099981,0.000841,-0.084309,-0.046806
0.000246,0.001987,27546.052734,0.720228,0.015726,0.217926,0.720228,0.030153,0.030746,0.000034,-0.029789,0.000000
cuboid > 5
0.001019,0.020702,12203.474609,1.308602,0.033745,0.420073,1.308602,0.057084,0.058535,0.000183,-0.051739,-0.063568
0.105305,0.023279,72.672340,2.002095,0.145207,0.877570,2.002095,0.050835,0.052644,0.014062,-0.038681,-0.190153
0.005092,0.078892,5588.795898,2.815583,0.075266,0.905770,2.815583,0.103853,0.107444,0.000985,-0.087723,-0.314385
0.000277,0.002533,26197.052734,0.764939,0.017553,0.237388,0.764939,0.033663,0.034346,0.000045,-0.032291,0.000000
0.036009,0.162730,1983.895142,6.616652,0.189761,2.175565,6.616652,0.175014,0.182519,0.006630,-0.132784,-0.788561
cuboid > 6
0.000262,0.001300,27331.367188,0.758311,0.016398,0.224999,0.758311,0.030365,0.030652,0.000036,-0.029842,0.000000
0.000968,0.014759,12251.993164,1.244791,0.030522,0.392176,1.244791,0.050464,0.051627,0.000147,-0.048207,-0.010736
0.003456,0.058941,5605.702637,2.065031,0.056319,0.668266,2.065031,0.079571,0.081734,0.000540,-0.072209,-0.288981
0.087195,0.009054,54.160027,1.779630,0.107941,0.743325,1.779630,0.025513,0.026263,0.011279,-0.020513,-0.111465
0.030796,0.084902,1936.810181,5.311615,0.152045,1.730925,5.311615,0.130978,0.134658,0.004572,-0.114298,-0.500223
cuboid > 7
0.000899,0.000856,11461.904297,1.103382,0.028079,0.343641,1.103382,0.043700,0.043955,0.000119,-0.042930,0.000000
0.005231,0.012606,5075.932617,2.619099,0.066426,0.819143,2.619099,0.080380,0.081414,0.000755,-0.075197,-0.093970
0.000248,0.000000,28294.783203,0.763364,0.015840,0.219803,0.763364,0.028567,0.028567,0.000031,-0.028438,0.000000
0.055140,0.004935,36.471222,1.246191,0.065887,0.497053,1.246191,0.013615,0.013878,0.007033,-0.011514,-0.066912
0.031314,0.044184,1745.850098,4.806259,0.146374,1.615040,4.806259,0.115387,0.116666,0.004407,-0.105729,-0.292646
cuboid > 8
0.000244,0.000000,28662.828125,0.765572,0.015625,0.218750,0.765572,0.028178,0.028178,0.000030,-0.028178,0.000000
0.001420,0.004231,11532.162109,1.711895,0.038635,0.516798,1.711895,0.059537,0.060462,0.000197,-0.056981,0.000000
0.095251,0.234795,1558.164062,12.488409,0.314463,3.935023,12.488409,0.209947,0.224723,0.020112,-0.139123,-1.554529
0.007004,0.023427,5135.413574,3.637885,0.085443,1.094136,3.637885,0.102120,0.103766,0.001037,-0.093071,-0.080125
0.186018,0.028229,17.661140,2.509268,0.111296,0.957994,2.509268,-0.008664,-0.007629,0.025673,0.019299,-0.209457
cuboid > 9
0.000248,0.012440,27978.476562,0.798280,0.015495,0.233354,0.798280,0.031104,0.031911,0.000032,-0.031104,0.000000
0.001203,0.010338,11279.765625,1.399953,0.032252,0.420816,1.399953,0.048050,0.048331,0.000151,-0.047339,-0.042586
0.218642,0.026907,34.031292,3.111048,0.135707,1.168569,3.111048,-0.006333,-0.004894,0.030272,0.018889,-0.425503
0.004630,0.004208,5476.808105,2.596875,0.062784,0.790040,2.596875,0.074857,0.075298,0.000598,-0.073354,0.000000
0.048009,0.077256,1909.646362,7.467512,0.205660,2.417513,7.467512,0.152992,0.157172,0.008218,-0.125846,-0.899396
cuboid > 10
0.003814,0.018773,5600.265625,2.224767,0.059967,0.720654,2.224767,0.078471,0.079793,0.000572,-0.073039,-0.062749
0.000244,0.001588,27455.191406,0.734219,0.015532,0.217498,0.734219,0.029260,0.029680,0.000032,-0.029152,0.000000
0.000891,0.004575,11894.240234,1.103159,0.028059,0.347322,1.103159,0.044289,0.044662,0.000124,-0.043159,-0.018113
0.284552,0.036855,75.287018,3.971710,0.207558,1.598164,3.971710,0.018091,0.020678,0.039347,0.005145,-0.666808
0.026756,0.044782,1889.996094,4.401976,0.148192,1.571018,4.401976,0.130786,0.133730,0.004927,-0.109615,-0.335867
cuboid > 11
0.000903,0.013839,11948.848633,1.079233,0.031021,0.360780,1.079233,0.052026,0.053056,0.000168,-0.047261,-0.085838
0.004938,0.060453,5534.390137,2.631179,0.078132,0.889063,2.631179,0.107107,0.110010,0.001066,-0.087822,-0.372597
0.348627,0.053539,99.483894,4.382571,0.293967,1.866433,4.382571,0.061164,0.065040,0.048705,-0.026687,-0.886390
0.036606,0.105856,1920.767090,6.290340,0.205843,2.196624,6.290340,0.186715,0.192334,0.007388,-0.137926,-1.340036
0.000274,0.011568,25707.078125,0.740484,0.017200,0.231321,0.740484,0.033687,0.034494,0.000044,-0.032208,-0.034740
cuboid > 12
0.000969,0.024090,11866.199219,1.229150,0.032972,0.402766,1.229150,0.055898,0.057161,0.000162,-0.051058,-0.119207
0.033834,0.150354,2080.087158,6.338996,0.198165,2.155574,6.338996,0.186786,0.192729,0.006753,-0.137023,-1.557196
0.005160,0.076869,5603.030762,2.858212,0.081103,0.949915,2.858212,0.111691,0.114918,0.001119,-0.090635,-0.579861
0.000261,0.008082,26981.285156,0.719819,0.016433,0.223949,0.719819,0.032182,0.033011,0.000043,-0.030867,-0.022220
0.351782,0.069077,103.355682,4.552859,0.311064,1.955284,4.552859,0.071337,0.076446,0.050501,-0.028012,-0.843171
cuboid > 13
0.000262,0.001145,26017.921875,0.723159,0.016728,0.221305,0.723159,0.031040,0.031315,0.000037,-0.030364,0.000000
0.001021,0.010364,12134.998047,1.266189,0.031367,0.397513,1.266189,0.050123,0.050970,0.000150,-0.047807,-0.038526
0.003941,0.022697,5627.735840,2.243829,0.060997,0.730561,2.243829,0.081690,0.083592,0.000672,-0.073539,-0.132086
0.296072,0.053017,85.570526,4.090278,0.237010,1.696973,4.090278,0.031652,0.034737,0.042175,-0.004772,-0.646795
0.031405,0.088887,1955.883789,5.407641,0.166672,1.836534,5.407641,0.147969,0.152641,0.005606,-0.119112,-0.638135
cuboid > 14
0.000251,0.000371,27314.740234,0.735953,0.016058,0.216978,0.735953,0.029295,0.029405,0.000034,-0.028923,0.000000
0.000893,0.003974,11991.644531,1.156098,0.028469,0.358580,1.156098,0.045003,0.045376,0.000119,-0.043889,-0.009564
0.027832,0.051674,1852.471191,4.629538,0.145479,1.576910,4.629538,0.123361,0.125684,0.004542,-0.106933,-0.605299
0.004141,0.021929,5337.805176,2.201023,0.060262,0.707792,2.201023,0.077646,0.078774,0.000691,-0.069893,-0.168773
0.208583,0.039250,54.882832,3.032075,0.147591,1.191595,3.032075,0.007663,0.009673,0.029636,0.009042,-0.524365
cuboid > 15
0.000261,0.002180,27993.757812,0.785174,0.016715,0.231831,0.785174,0.032110,0.032760,0.000037,-0.031457,0.000000
0.001637,0.009432,11755.290039,1.894459,0.042623,0.562172,1.894459,0.064528,0.065362,0.000257,-0.060180,0.000000
0.123467,0.328190,1460.597534,14.231995,0.407456,4.569890,14.231995,0.280048,0.291410,0.028760,-0.150085,-3.951008
0.006858,0.076452,5347.397461,3.643031,0.092037,1.118873,3.643031,0.118152,0.120405,0.001222,-0.097830,-0.469940
0.304865,0.058152,16.913237,3.567207,0.154991,1.337598,3.567207,-0.016845,-0.014470,0.046472,0.043682,-0.639899
cuboid > 16
0.000240,0.001518,28360.751953,0.716700,0.015372,0.213410,0.716700,0.029091,0.029543,0.000033,-0.028787,0.000000
0.001138,0.010848,11792.525391,1.369943,0.032705,0.423800,1.369943,0.051050,0.051682,0.000169,-0.048629,-0.025876
0.050646,0.102335,1976.243042,8.267588,0.224424,2.636949,8.267588,0.170002,0.173682,0.009285,-0.131810,-1.387074
0.005351,0.013393,5607.411621,3.054749,0.072275,0.929540,3.054749,0.086218,0.086799,0.000774,-0.080834,-0.249259
0.354336,0.056481,26.477299,4.115439,0.172901,1.514716,4.115439,-0.019953,-0.017458,0.053916,0.048651,-1.022269
cuboid > 17
0.004517,0.019342,5466.696289,2.405909,0.065364,0.780672,2.405909,0.082691,0.083938,0.000803,-0.075244,-0.126694
0.000932,0.005271,12385.246094,1.177368,0.028231,0.361920,1.177368,0.043501,0.043676,0.000116,-0.043159,-0.017002
0.383153,0.064442,51.318222,4.535491,0.205812,1.718480,4.535491,-0.008671,-0.005557,0.056662,0.039360,-1.236282
0.000241,0.001583,27231.300781,0.710338,0.015394,0.210646,0.710338,0.028398,0.028580,0.000031,-0.028325,0.000000
0.029216,0.056501,2050.585938,5.015797,0.159383,1.762942,5.015797,0.141024,0.145006,0.005973,-0.112965,-0.382636
cuboid > 18
0.000864,0.019928,12138.979492,1.040361,0.028947,0.348906,1.040361,0.048194,0.049112,0.000137,-0.045353,-0.039945
5.461367,1.452218,15.922890,9.314528,2.264889,3.111310,9.314528,-0.593163,-0.579397,0.792769,0.906823,-360.318542
0.009191,0.037714,4085.083008,3.158794,0.092875,1.064553,3.158794,0.106832,0.109469,0.001738,-0.091900,-0.239520
0.421070,0.059962,144.897903,5.102967,0.253808,1.985597,5.102967,0.019144,0.022710,0.062189,0.017180,-0.489617
0.000255,0.003170,24742.587891,0.671016,0.015954,0.211564,0.671016,0.030274,0.030782,0.000035,-0.029907,0.000000
cuboid > 19
0.430636,0.078736,91.226059,5.119985,0.273260,2.030391,5.119985,0.027598,0.032192,0.065783,0.016865,-1.162141
0.000859,0.014772,12294.040039,1.066804,0.029198,0.350641,1.066804,0.047739,0.048327,0.000135,-0.044837,-0.055090
0.000256,0.006586,25136.080078,0.683639,0.016297,0.216240,0.683639,0.031224,0.031795,0.000036,-0.030505,-0.021817
0.004852,0.038084,5619.435547,2.641171,0.075161,0.887120,2.641171,0.101041,0.103737,0.001010,-0.085906,-0.162430
0.033160,0.084587,2110.640625,6.252463,0.185901,2.104413,6.252463,0.168175,0.173553,0.006246,-0.129381,-0.953680
cuboid > 20
0.004338,0.025228,5497.676270,2.433168,0.062397,0.769120,2.433168,0.078914,0.079998,0.000616,-0.074106,-0.156272
0.034414,0.073121,1931.576050,5.825481,0.170820,1.952729,5.825481,0.144091,0.148464,0.006362,-0.116918,-0.434290
0.379876,0.080657,72.371796,4.601784,0.227226,1.782762,4.601784,0.007756,0.011250,0.058117,0.027240,-1.355214
0.000966,0.018246,12158.580078,1.225235,0.030462,0.385309,1.225235,0.048853,0.049436,0.000136,-0.046726,-0.073407
0.000251,0.000989,25616.648438,0.692729,0.016084,0.213294,0.692729,0.029899,0.030194,0.000033,-0.029661,0.000000
cuboid > 21
0.000248,0.000901,27370.792969,0.734832,0.015715,0.217489,0.734832,0.029046,0.029315,0.000032,-0.028938,0.000000
0.000950,0.006498,11765.763672,1.219503,0.029025,0.374356,1.219503,0.045110,0.045530,0.000120,-0.044619,-0.018013
0.038225,0.086936,1771.162598,5.920904,0.172240,1.967308,5.920904,0.136886,0.141278,0.006399,-0.113379,-0.471195
0.004848,0.022469,5132.240234,2.466038,0.061456,0.765085,2.466038,0.073341,0.073917,0.000630,-0.070528,-0.229459
0.296330,0.051494,36.571423,3.495723,0.158936,1.322030,3.495723,-0.009388,-0.006931,0.045135,0.034239,-0.999601
cuboid > 22
0.005239,0.014923,6372.293457,2.832745,0.080570,0.918884,2.832745,0.108486,0.111858,0.001293,-0.087252,0.000000
0.000203,0.005208,38216.113281,0.731719,0.013021,0.213542,0.731719,0.028178,0.029732,0.000030,-0.028178,0.000000
0.205762,0.366374,1355.385986,19.871037,0.562046,6.682695,19.871037,0.347666,0.384314,0.063695,-0.112951,-2.477089
0.284714,0.074667,19.541864,3.664153,0.163335,1.376094,3.664153,-0.004990,-0.001202,0.047412,0.043308,-1.242050
0.000671,0.065104,15492.511719,1.131358,0.024115,0.335938,1.131358,0.041501,0.042278,0.000082,-0.039153,-0.254691
cuboid > 23
0.000755,0.000000,16061.855469,1.230215,0.026526,0.360465,1.230215,0.041305,0.041305,0.000092,-0.041305,0.000000
0.004395,0.062008,6543.349121,2.781336,0.066845,0.848426,2.781336,0.088032,0.089799,0.000771,-0.077093,-0.283088
0.083978,0.334800,1999.838745,11.813020,0.333293,3.879940,11.813020,0.264405,0.285042,0.024951,-0.134672,-2.021919
0.000244,0.000000,28662.912109,0.765573,0.015625,0.218750,0.765573,0.028178,0.028178,0.000030,-0.028178,0.000000
0.308606,0.082277,24.493681,4.239056,0.172559,1.541522,4.239056,-0.007945,-0.003820,0.051375,0.047925,-1.538887
cuboid > 24
0.000243,0.000761,26858.097656,0.704685,0.015571,0.211172,0.704685,0.028767,0.028994,0.000032,-0.028571,0.000000
0.000885,0.012215,14255.409180,1.365283,0.031314,0.414957,1.365283,0.052432,0.053588,0.000142,-0.049705,0.000000
0.060513,0.143864,2125.963867,8.965726,0.249610,2.928114,8.965726,0.198215,0.209431,0.016464,-0.123334,-1.230244
0.002584,0.042922,7173.404297,1.899480,0.047917,0.598055,1.899480,0.066550,0.067498,0.000348,-0.063716,-0.111587
0.307057,0.087196,28.425575,3.947212,0.172243,1.459067,3.947212,-0.005556,-0.001324,0.051409,0.045707,-1.401088
cuboid > 25
0.000588,0.057583,14904.268555,1.010960,0.023561,0.329641,1.010960,0.048904,0.051325,0.000087,-0.047357,0.000000
0.311167,0.086673,30.682629,4.161072,0.175737,1.529157,4.161072,-0.003586,0.000786,0.053407,0.046595,-1.457217
0.002666,0.055213,6919.111816,1.906574,0.050365,0.624777,1.906574,0.074713,0.076805,0.000407,-0.069287,-0.164644
0.000246,0.007456,24684.158203,0.666558,0.015276,0.207577,0.666558,0.029387,0.029884,0.000032,-0.029387,0.000000
0.032913,0.088069,2257.613525,6.235713,0.177852,2.041691,6.235713,0.160921,0.166942,0.007197,-0.119396,-0.936629
cuboid > 26
0.000430,0.016831,16373.819336,0.743271,0.020254,0.246510,0.743271,0.036323,0.036817,0.000060,-0.035134,-0.037577
0.035856,0.102545,2146.310547,6.523927,0.183475,2.151486,6.523927,0.165448,0.173312,0.007277,-0.126147,-0.702295
0.003041,0.043438,6849.638672,2.044745,0.054715,0.667503,2.044745,0.078666,0.080948,0.000526,-0.071032,-0.110417
0.000238,0.016326,33166.640625,0.780671,0.014585,0.237602,0.780671,0.033423,0.035431,0.000038,-0.032838,0.000000
0.305485,0.080189,32.964672,4.087048,0.174857,1.512865,4.087048,-0.003121,0.001224,0.052304,0.045220,-1.368037
cuboid > 27
0.000238,0.002914,28357.398438,0.693163,0.015129,0.210671,0.693163,0.029349,0.029986,0.000032,-0.029116,0.000000
0.000867,0.007102,12647.777344,1.125659,0.027363,0.352199,1.125659,0.044074,0.044764,0.000112,-0.043711,0.000000
0.036390,0.094587,1938.368896,5.863604,0.166452,1.931294,5.863604,0.135857,0.141157,0.006979,-0.108749,-0.402559
0.004208,0.020924,5736.227051,2.421576,0.059004,0.746314,2.421576,0.072801,0.073472,0.000584,-0.069785,-0.293425
0.306158,0.083066,29.456841,3.925105,0.165200,1.430218,3.925105,-0.007635,-0.003717,0.051658,0.045680,-1.294132
cuboid > 28
0.000250,0.000712,28218.621094,0.764974,0.015981,0.223260,0.764974,0.029462,0.029675,0.000032,-0.029249,0.000000
0.001130,0.001295,11681.790039,1.340172,0.032588,0.412335,1.340172,0.049722,0.050108,0.000152,-0.048451,0.000000
0.073689,0.147437,1677.277466,9.674036,0.266120,3.125909,9.674036,0.193675,0.204502,0.015629,-0.131865,-1.016284
0.005901,0.030857,5161.219727,2.968403,0.074790,0.920780,2.968403,0.090843,0.091825,0.000898,-0.081829,-0.096884
0.273393,0.060167,16.652815,3.305721,0.139800,1.205783,3.305721,-0.014168,-0.011236,0.045081,0.044802,-1.651421
cuboid > 29
0.000231,0.002812,27629.916016,0.649418,0.014781,0.200187,0.649418,0.029193,0.030032,0.000031,-0.029193,0.000000
0.001183,0.021345,11026.764648,1.392536,0.031956,0.417550,1.392536,0.048106,0.048480,0.000147,-0.047100,-0.081865
0.075518,0.032643,16.931133,1.592209,0.073282,0.599235,1.592209,0.011476,0.013138,0.011403,-0.000123,-0.426999
0.007595,0.043042,4584.350098,3.216897,0.093313,1.025943,3.216897,0.116600,0.119701,0.001344,-0.099072,-0.127549
0.156652,0.316162,1251.342407,16.175198,0.438853,5.253115,16.175198,0.285695,0.309299,0.033136,-0.160629,-1.468594
cuboid > 30
0.001383,0.000000,11614.441406,1.648427,0.036458,0.480325,1.648427,0.052511,0.052511,0.000176,-0.051686,0.000000
0.194530,0.407347,1219.496460,18.201700,0.521215,6.074053,18.201700,0.327879,0.358046,0.047550,-0.148103,-2.531117
0.009283,0.020959,4726.380859,4.123766,0.099112,1.253625,4.123766,0.111265,0.113430,0.001571,-0.099247,0.000000
0.078255,0.030817,16.682692,1.773408,0.074653,0.645220,1.773408,0.009847,0.011475,0.011839,0.001601,-0.413736
0.000244,0.000000,28662.925781,0.765573,0.015625,0.218750,0.765573,0.028178,0.028178,0.000030,-0.028178,0.000000
cuboid > 31
0.007022,0.069281,5121.288086,3.567730,0.084687,1.110852,3.567730,0.107688,0.113805,0.001128,-0.094815,-0.300089
0.001139,0.002367,13124.988281,1.508030,0.033002,0.441762,1.508030,0.050118,0.050400,0.000143,-0.049550,0.000000
0.082576,0.034663,16.908113,1.782450,0.074785,0.646766,1.782450,0.009542,0.011338,0.013186,0.003661,-0.509232
0.125697,0.225263,1451.390137,14.890575,0.423410,4.961332,14.890575,0.303292,0.327640,0.031166,-0.160705,-0.995080
0.000244,0.000000,26634.400391,0.711407,0.015625,0.210416,0.711407,0.028178,0.028178,0.000030,-0.028178,0.000000
cuboid > 32
0.000244,0.000000,26459.906250,0.706750,0.015625,0.209701,0.706750,0.028178,0.028178,0.000030,-0.028178,0.000000
0.000914,0.000461,11515.442383,1.095274,0.027843,0.341445,1.095274,0.042688,0.042825,0.000118,-0.042239,0.000000
0.084441,0.037671,15.261677,1.793363,0.073557,0.644493,1.793363,0.008267,0.009993,0.013203,0.004639,-0.350603
0.007712,0.040132,4828.466797,3.286255,0.082999,1.031252,3.286255,0.096748,0.098704,0.001364,-0.084427,-0.184477
0.183934,0.349169,1193.180054,16.897577,0.501666,5.708818,16.897577,0.318531,0.350662,0.046490,-0.141653,-1.422072
cuboid > 33
0.000233,0.001391,28984.335938,0.700400,0.014929,0.208690,0.700400,0.028178,0.028593,0.000030,-0.028178,0.000000
0.001103,0.000597,12068.704102,1.348016,0.032444,0.410430,1.348016,0.049441,0.049619,0.000154,-0.047553,0.000000
0.086177,0.033167,15.061782,1.796245,0.075535,0.659014,1.796245,0.008078,0.009865,0.013450,0.004950,-0.469839
0.006698,0.103851,5239.456055,3.388114,0.085934,1.057416,3.388114,0.112322,0.117360,0.001185,-0.095441,-0.585409
0.139781,0.333267,1340.163452,14.656651,0.425986,4.904143,14.656651,0.296344,0.321540,0.034891,-0.149669,-1.842312
cuboid > 34
0.000634,0.001256,12124.435547,0.916709,0.024135,0.294085,0.916709,0.040088,0.040463,0.000080,-0.039712,0.000000
0.000265,0.058212,27117.263672,0.753600,0.015656,0.225363,0.753600,0.032504,0.033677,0.000035,-0.031325,-0.151239
0.144395,0.279907,1363.038940,15.062282,0.444381,5.116672,15.062282,0.306486,0.335794,0.036473,-0.148727,-0.743012
0.006910,0.129385,5813.559570,3.510556,0.096074,1.146486,3.510556,0.135984,0.142722,0.001811,-0.108977,-0.608231
0.086965,0.033316,14.756524,1.849934,0.074900,0.664307,1.849934,0.008272,0.010180,0.013821,0.005403,-0.379061
cuboid > 35
0.000232,0.006048,25660.464844,0.658217,0.014415,0.200605,0.658217,0.028178,0.028629,0.000030,-0.028178,0.000000
0.001154,0.000541,12485.289062,1.467743,0.034165,0.435037,1.467743,0.051602,0.051763,0.000154,-0.050059,0.000000
0.083462,0.031462,11.456346,1.617683,0.066848,0.586520,1.617683,0.005471,0.007335,0.013000,0.007026,-0.510321
0.004404,0.097179,5691.583984,2.353643,0.064628,0.751636,2.353643,0.089643,0.092278,0.000763,-0.076865,-0.468169
0.202192,0.327538,1197.882690,18.956776,0.541172,6.366800,18.956776,0.335057,0.368869,0.051594,-0.140425,-0.987948
