cuboid > 1
0.000898,0.013666,11590.516602,1.128363,0.028498,0.353586,1.128363,0.045660,0.046191,0.000121,-0.044090,-0.053253
0.038431,0.004110,23.104599,0.711399,0.042966,0.293271,0.711399,0.009676,0.009875,0.004952,-0.007835,-0.041311
0.000255,0.001013,27611.044922,0.752558,0.016300,0.224151,0.752558,0.030309,0.030612,0.000035,-0.029804,0.000000
0.004105,0.031804,5538.208496,2.332374,0.061572,0.750463,2.332374,0.082047,0.083978,0.000744,-0.071994,-0.173181
0.024256,0.058958,1986.272583,4.544847,0.132522,1.486857,4.544847,0.118070,0.120121,0.003481,-0.105196,-0.588069
cuboid > 2
0.000770,0.002266,11815.341797,0.996324,0.026136,0.320633,0.996324,0.042768,0.043387,0.000102,-0.042076,0.000000
0.053507,0.008590,37.104980,1.024810,0.066356,0.432379,1.024810,0.017660,0.018047,0.006973,-0.014595,-0.092078
0.005181,0.022159,5115.717773,2.643206,0.065586,0.823496,2.643206,0.080449,0.081915,0.000697,-0.076587,-0.095867
0.000230,0.002070,28976.750000,0.697438,0.014749,0.208609,0.697438,0.028466,0.029083,0.000031,-0.028370,0.000000
0.039210,0.038615,1846.230835,6.276899,0.167005,2.003091,6.276899,0.126579,0.128749,0.005330,-0.115369,-0.209743
cuboid > 3
0.003788,0.025743,5259.978027,2.044645,0.056967,0.668062,2.044645,0.075217,0.076681,0.000562,-0.069642,-0.206742
0.000265,0.001543,27620.107422,0.757236,0.016200,0.225343,0.757236,0.030152,0.030550,0.000034,-0.030001,0.000000
0.097094,0.012574,63.081863,2.184517,0.125343,0.893327,2.184517,0.032114,0.033023,0.012867,-0.025532,-0.107340
0.042872,0.066865,1804.628418,6.573767,0.176432,2.101547,6.573767,0.134884,0.138306,0.006394,-0.116575,-0.591570
0.000805,0.003228,11151.299805,0.971088,0.027645,0.324556,0.971088,0.045804,0.046512,0.000122,-0.043821,0.000000
cuboid > 4
0.090895,0.019096,62.542133,2.066917,0.134463,0.865375,2.066917,0.047673,0.049520,0.012665,-0.032619,-0.163585
0.001274,0.040369,11334.826172,1.256323,0.035081,0.419853,1.256323,0.059893,0.062250,0.000389,-0.051839,-0.209289
0.061943,0.198139,1769.311890,9.472391,0.264071,3.080757,9.472391,0.221305,0.231947,0.012512,-0.149570,-1.415779
0.006386,0.102652,5089.882812,3.120864,0.088771,1.054160,3.120864,0.127631,0.135110,0.001502,-0.101202,-0.348285
0.000253,0.001369,27584.009766,0.737385,0.016071,0.220625,0.737385,0.030138,0.030546,0.000035,-0.029701,0.000000
cuboid > 5
0.001155,0.013758,11380.307617,1.270289,0.033652,0.412521,1.270289,0.054277,0.055828,0.000263,-0.049318,-0.032124
0.089080,0.018134,58.075539,1.936653,0.133431,0.838481,1.936653,0.043660,0.045424,0.012420,-0.029875,-0.215862
0.004673,0.087262,5460.799316,2.527204,0.068898,0.818782,2.527204,0.096184,0.100966,0.001046,-0.079069,-0.532578
0.000250,0.001070,27423.976562,0.725522,0.015975,0.218048,0.725522,0.029774,0.030093,0.000034,-0.029389,0.000000
0.050664,0.182048,1851.101196,8.221472,0.236176,2.704772,8.221472,0.208346,0.219033,0.010297,-0.143351,-1.154393
cuboid > 6
0.000246,0.000187,27983.011719,0.757066,0.015718,0.218648,0.757066,0.028515,0.028570,0.000030,-0.028515,0.000000
0.001126,0.016736,11219.769531,1.359027,0.032103,0.414341,1.359027,0.049981,0.050736,0.000154,-0.048129,-0.103627
0.006050,0.033594,5071.159668,3.015442,0.069051,0.900549,3.015442,0.078534,0.079078,0.000789,-0.075170,-0.196546
0.069666,0.007020,39.486126,1.470240,0.088069,0.616222,1.470240,0.017740,0.018110,0.008875,-0.015240,-0.102152
0.056052,0.094768,1750.766479,8.490451,0.207163,2.608979,8.490451,0.140425,0.143090,0.007623,-0.126649,-0.533683
cuboid > 7
0.000935,0.001696,11503.989258,1.176641,0.028531,0.364019,1.176641,0.044564,0.045072,0.000121,-0.044195,0.000000
0.005035,0.003204,4975.639160,2.417616,0.059505,0.747910,2.417616,0.070432,0.071318,0.000653,-0.068635,0.000000
0.000248,0.019859,28418.140625,0.769048,0.014337,0.229484,0.769048,0.031244,0.032527,0.000034,-0.031244,0.000000
0.017453,0.001775,11.612155,0.440811,0.019878,0.157584,0.440811,0.003683,0.003756,0.002202,-0.003239,-0.018897
0.029134,0.030336,1916.125488,5.109133,0.140748,1.635974,5.109133,0.111566,0.112714,0.003920,-0.105048,-0.410734
cuboid > 8
0.000267,0.002047,24274.052734,0.688860,0.016649,0.219104,0.688860,0.031616,0.032228,0.000038,-0.031109,0.000000
0.000857,0.012402,11775.776367,1.060305,0.029169,0.351243,1.060305,0.048616,0.049498,0.000135,-0.045637,-0.042684
0.022221,0.077212,2122.505859,4.369820,0.129210,1.437199,4.369820,0.124181,0.127662,0.003515,-0.104331,-0.688601
0.004646,0.063472,5482.297363,2.621655,0.068460,0.838511,2.621655,0.091277,0.093720,0.000811,-0.079116,-0.444624
0.147501,0.026115,26.242403,1.775234,0.081027,0.657322,1.775234,-0.000966,-0.000192,0.020716,0.009694,-0.441755
cuboid > 9
0.000251,0.003201,27015.515625,0.734196,0.015920,0.219950,0.734196,0.030109,0.030550,0.000034,-0.029805,0.000000
0.000960,0.016546,12037.542969,1.206987,0.030414,0.383487,1.206987,0.050399,0.051438,0.000141,-0.048140,-0.030597
0.202815,0.030801,49.833450,2.640069,0.129865,1.000053,2.640069,0.008852,0.010042,0.027944,0.003659,-0.647514
0.004420,0.020698,5517.432129,2.521674,0.064175,0.800408,2.521674,0.084328,0.086304,0.000669,-0.077984,-0.067771
0.032409,0.058227,2003.960083,5.615387,0.164391,1.856168,5.615387,0.139013,0.141879,0.005177,-0.117534,-0.698776
cuboid > 10
0.004270,0.053900,5548.436035,2.455242,0.064119,0.787088,2.455242,0.086153,0.088458,0.000696,-0.077005,-0.256777
0.000264,0.002241,27127.912109,0.745801,0.016659,0.226250,0.745801,0.031371,0.031879,0.000040,-0.030608,0.000000
0.000918,0.015568,11891.067383,1.138712,0.029768,0.366718,1.138712,0.048877,0.049658,0.000140,-0.046078,-0.058638
0.315060,0.039482,91.896927,4.456271,0.264831,1.866407,4.456271,0.041536,0.044793,0.044694,-0.013934,-0.610265
0.038172,0.090207,1912.555298,6.575418,0.187265,2.155485,6.575418,0.158384,0.163028,0.006538,-0.127265,-0.601604
cuboid > 11
0.000994,0.019264,11735.403320,1.227925,0.031460,0.392197,1.227925,0.052250,0.053472,0.000156,-0.048995,-0.081818
0.005763,0.079763,5365.352539,2.951092,0.083393,0.990087,2.951092,0.116628,0.121920,0.001324,-0.094420,-0.371376
0.341030,0.064731,86.603905,4.472730,0.292294,1.888842,4.472730,0.066670,0.071581,0.048500,-0.022785,-1.000725
0.053875,0.245152,1850.542603,8.544818,0.259596,2.874778,8.544818,0.232170,0.243429,0.012390,-0.150866,-2.882856
0.000263,0.002426,27301.929688,0.746986,0.016587,0.229371,0.746986,0.032033,0.032756,0.000037,-0.031397,0.000000
cuboid > 12
0.000819,0.019370,11321.284180,0.996367,0.027768,0.326175,0.996367,0.046003,0.046704,0.000124,-0.043559,-0.054468
0.058032,0.233202,1680.211914,8.481134,0.249499,2.838412,8.481134,0.207476,0.217685,0.011832,-0.144193,-1.614693
0.005245,0.116451,5115.953613,2.703487,0.074905,0.875154,2.703487,0.102394,0.105889,0.001005,-0.085967,-0.675801
0.000251,0.001750,26416.662109,0.716817,0.016076,0.218694,0.716817,0.030571,0.031093,0.000035,-0.030173,0.000000
0.323341,0.053132,76.633301,4.439754,0.282508,1.880173,4.439754,0.058618,0.063291,0.046455,-0.018742,-0.692052
cuboid > 13
0.000241,0.000885,28033.666016,0.734404,0.015378,0.213817,0.734404,0.028178,0.028297,0.000030,-0.028178,0.000000
0.001129,0.006483,11455.139648,1.377684,0.032708,0.422508,1.377684,0.050826,0.051440,0.000166,-0.048816,-0.012193
0.006289,0.034542,5042.417480,3.132577,0.077541,0.976212,3.132577,0.096117,0.098488,0.001081,-0.085180,-0.157920
0.284108,0.035131,64.138008,3.927887,0.210006,1.590957,3.927887,0.011566,0.013495,0.038145,0.002541,-0.221093
0.044575,0.060812,1683.403320,6.786135,0.190713,2.221052,6.786135,0.146237,0.150206,0.006567,-0.127464,-0.455277
cuboid > 14
0.000251,0.002459,28071.640625,0.773175,0.016005,0.228314,0.773175,0.030597,0.031131,0.000034,-0.030195,0.000000
0.001005,0.001071,11194.140625,1.204547,0.029119,0.370231,1.204547,0.044585,0.044904,0.000129,-0.044018,0.000000
0.031891,0.066830,1902.763916,5.288709,0.157515,1.762966,5.288709,0.132961,0.136067,0.005321,-0.111422,-0.585937
0.005157,0.033900,4986.756348,2.670277,0.065596,0.822688,2.670277,0.079632,0.080702,0.000709,-0.075171,-0.271368
0.141929,0.017461,18.844187,1.621854,0.069633,0.574862,1.621854,-0.007181,-0.006702,0.018743,0.012213,-0.289899
cuboid > 15
0.000260,0.003755,26291.099609,0.735776,0.016531,0.225449,0.735776,0.031763,0.032330,0.000037,-0.031124,0.000000
0.000850,0.004475,12412.011719,1.115771,0.029324,0.364468,1.115771,0.049096,0.050047,0.000125,-0.046801,0.000000
0.034729,0.110001,2097.650635,5.784513,0.175237,1.925258,5.784513,0.152639,0.156883,0.007121,-0.115061,-1.254027
0.003026,0.011210,5812.221191,1.760901,0.052761,0.599443,1.760901,0.071476,0.072303,0.000440,-0.066811,-0.079987
0.156892,0.034003,20.429358,1.973709,0.079658,0.700265,1.973709,-0.005006,-0.003890,0.023317,0.017298,-0.463512
cuboid > 16
0.000250,0.002727,27592.414062,0.715604,0.015842,0.217207,0.715604,0.030280,0.030867,0.000037,-0.029666,0.000000
0.000863,0.012900,12226.633789,1.108966,0.028591,0.357464,1.108966,0.047977,0.049037,0.000122,-0.046230,-0.025434
0.029025,0.065891,2080.676270,5.255188,0.149318,1.706820,5.255188,0.126275,0.128358,0.004382,-0.110922,-0.546953
0.003981,0.035158,5741.367676,2.350676,0.063619,0.765339,2.350676,0.087572,0.090000,0.000638,-0.079561,-0.157196
0.226125,0.046459,39.438843,2.760412,0.113090,0.986099,2.760412,-0.003828,-0.002316,0.032484,0.019072,-0.431342
cuboid > 17
0.004534,0.034749,5550.877930,2.504455,0.066228,0.805571,2.504455,0.087484,0.089815,0.000816,-0.077669,-0.101729
0.000913,0.006969,12004.138672,1.131781,0.029536,0.363770,1.131781,0.048099,0.048847,0.000144,-0.045734,-0.001420
0.315697,0.055889,85.911430,3.927908,0.200031,1.539693,3.927908,0.018774,0.021239,0.045410,0.003986,-0.845171
0.000247,0.004132,26906.388672,0.706210,0.015560,0.216163,0.706210,0.030071,0.030780,0.000033,-0.029954,0.000000
0.031321,0.096694,2008.771973,5.737781,0.170610,1.923681,5.737781,0.152066,0.157409,0.005589,-0.122426,-0.684808
cuboid > 18
0.001249,0.041227,10827.452148,1.321534,0.034776,0.433067,1.321534,0.057688,0.059426,0.000205,-0.053393,-0.156001
27.436285,2.125000,-7.987852,12.422958,5.083068,3.923295,12.422958,-3.217556,-3.186283,3.742451,3.756400,-749.625366
0.018112,0.147402,3192.134277,4.866604,0.142043,1.631145,4.866604,0.158444,0.165949,0.003679,-0.122428,-1.013085
0.328973,0.065541,110.896042,4.054432,0.220447,1.598898,4.054432,0.032300,0.035548,0.047221,-0.003635,-0.684930
0.000264,0.003082,26391.839844,0.703328,0.016263,0.219769,0.703328,0.031540,0.032365,0.000042,-0.030727,0.000000
cuboid > 19
0.374512,0.070487,75.504951,4.606103,0.221993,1.756729,4.606103,0.013357,0.016413,0.053209,0.012016,-0.684751
0.000911,0.017796,11794.601562,1.157827,0.030099,0.375184,1.157827,0.050111,0.051053,0.000135,-0.047585,-0.047851
0.000378,0.035295,26300.033203,0.835196,0.019942,0.273364,0.835196,0.042786,0.045639,0.000098,-0.038686,-0.294811
0.004665,0.083907,5441.665039,2.656589,0.070791,0.861536,2.656589,0.097121,0.100065,0.000752,-0.086121,-0.314649
0.039618,0.129255,1940.116333,6.777980,0.186866,2.194398,6.777980,0.154544,0.159378,0.006336,-0.128354,-0.859592
cuboid > 20
0.004854,0.006279,5509.695312,2.643818,0.066223,0.821951,2.643818,0.080905,0.081889,0.000826,-0.074999,-0.004085
0.044530,0.084880,1808.175415,7.033795,0.195851,2.279284,7.033795,0.151908,0.156295,0.007587,-0.123851,-0.867449
0.356151,0.046168,55.380608,4.278569,0.186835,1.588281,4.278569,-0.007718,-0.005885,0.049468,0.026388,-0.612773
0.000994,0.005927,11545.673828,1.250147,0.030223,0.384228,1.250147,0.046922,0.047252,0.000133,-0.045726,-0.015183
0.000261,0.004386,27315.753906,0.777655,0.016338,0.228513,0.777655,0.030305,0.030601,0.000035,-0.029966,0.000000
cuboid > 21
0.000242,0.000339,28913.796875,0.757102,0.015489,0.217666,0.757102,0.028239,0.028341,0.000030,-0.028239,0.000000
0.001039,0.000080,11090.125977,1.216031,0.029397,0.371720,1.216031,0.043800,0.043824,0.000129,-0.043672,0.000000
0.044639,0.164893,1850.604614,6.540264,0.203944,2.203609,6.540264,0.170417,0.176873,0.009473,-0.121188,-1.560813
0.005257,0.024684,5383.692871,2.872913,0.070875,0.891626,2.872913,0.087548,0.089143,0.000916,-0.079484,-0.046805
0.213987,0.038293,19.086878,2.346455,0.097210,0.828902,2.346455,-0.011435,-0.010379,0.030081,0.023501,-0.471131
cuboid > 22
0.002250,0.021412,6774.106445,1.563913,0.045889,0.522076,1.563913,0.066028,0.067164,0.000335,-0.062024,-0.131646
0.000238,0.004944,32293.310547,0.752270,0.014832,0.224253,0.752270,0.030955,0.032431,0.000038,-0.030452,0.000000
0.044381,0.211949,2028.302490,7.172249,0.235593,2.494306,7.172249,0.220208,0.231206,0.011549,-0.136350,-1.953210
0.044057,0.022690,15.502977,1.048943,0.042608,0.372364,1.048943,0.007690,0.008571,0.006921,0.000171,-0.227913
0.000704,0.007205,14665.502930,1.091297,0.027107,0.346537,1.091297,0.046450,0.047318,0.000105,-0.044766,0.000000
cuboid > 23
0.000640,0.044102,15701.657227,1.095659,0.026920,0.366588,1.095659,0.055450,0.059031,0.000123,-0.050913,-0.080902
0.002433,0.055511,7108.420410,1.809049,0.049779,0.600933,1.809049,0.076447,0.078987,0.000383,-0.069607,-0.205993
0.049840,0.157328,1984.526245,7.557794,0.236483,2.551145,7.557794,0.207938,0.216906,0.012057,-0.134523,-1.713990
0.000229,0.012388,32195.351562,0.749816,0.014222,0.221924,0.749816,0.030087,0.031303,0.000032,-0.029919,0.000000
0.080194,0.027682,18.800861,1.475429,0.062413,0.531543,1.475429,0.006681,0.007880,0.012844,0.005771,-0.477092
cuboid > 24
0.000243,0.000620,25966.046875,0.682354,0.015538,0.207069,0.682354,0.028581,0.028766,0.000031,-0.028447,0.000000
0.000601,0.007835,13918.036133,0.860208,0.023875,0.282212,0.860208,0.039732,0.039970,0.000084,-0.038407,-0.025974
0.033280,0.075807,2170.747559,5.904616,0.176594,1.996118,5.904616,0.157722,0.162918,0.007640,-0.115713,-0.391544
0.002299,0.022440,6872.698730,1.587797,0.044658,0.524622,1.587797,0.063913,0.065141,0.000343,-0.060137,-0.050462
0.121453,0.042279,33.090401,1.906734,0.082796,0.690907,1.906734,0.008176,0.009759,0.018527,0.006413,-0.602486
cuboid > 25
0.000798,0.016470,11780.232422,0.967509,0.027202,0.320694,0.967509,0.045070,0.045764,0.000127,-0.042575,-0.045397
0.149602,0.045436,34.963192,2.013726,0.094188,0.738844,2.013726,0.008701,0.010645,0.023098,0.009038,-0.624150
0.004148,0.081243,5614.637695,2.341538,0.067464,0.776976,2.341538,0.095018,0.098068,0.000752,-0.082029,-0.499102
0.000263,0.002629,26082.056641,0.745521,0.016601,0.228640,0.745521,0.031790,0.032407,0.000039,-0.031073,0.000000
0.028188,0.182379,2179.990967,5.552979,0.170853,1.876274,5.552979,0.166644,0.173048,0.005645,-0.127135,-1.357001
cuboid > 26
0.001133,0.007654,11920.833008,1.392043,0.034703,0.443364,1.392043,0.055595,0.056713,0.000197,-0.051914,-0.020631
0.045185,0.125802,1972.946411,7.357109,0.212663,2.442681,7.357109,0.182102,0.190339,0.010298,-0.125305,-0.826057
0.005106,0.061307,5709.127930,2.845639,0.075116,0.928255,2.845639,0.100512,0.103641,0.001126,-0.085717,-0.274468
0.000255,0.007212,25982.242188,0.734842,0.015890,0.223949,0.734842,0.030912,0.031681,0.000034,-0.030873,0.000000
0.157534,0.049726,35.263229,2.218646,0.102718,0.822659,2.218646,0.008184,0.010184,0.024511,0.011050,-0.851793
cuboid > 27
0.000242,0.001339,27317.763672,0.725394,0.015447,0.213840,0.725394,0.028581,0.028781,0.000030,-0.028581,0.000000
0.001132,0.013547,12342.235352,1.477476,0.032598,0.439853,1.477476,0.049988,0.050528,0.000145,-0.048909,-0.058140
0.035222,0.085737,1881.737549,5.804912,0.173384,1.930735,5.804912,0.146113,0.149705,0.006136,-0.117299,-0.639369
0.005032,0.034984,5660.570312,2.920570,0.072169,0.912274,2.920570,0.093280,0.095505,0.000828,-0.083767,-0.102921
0.151994,0.043364,32.293705,2.430876,0.102833,0.874507,2.430876,0.005673,0.007400,0.023413,0.012663,-0.787988
cuboid > 28
0.000244,0.000908,27546.683594,0.727597,0.015625,0.214934,0.727597,0.028997,0.029268,0.000030,-0.028997,0.000000
0.000703,0.002721,12681.846680,0.936280,0.025413,0.306531,0.936280,0.043152,0.043964,0.000097,-0.042073,0.000000
0.105723,0.255709,1547.327271,12.438093,0.383038,4.210058,12.438093,0.287295,0.302179,0.028832,-0.144918,-2.293623
0.007882,0.104488,5254.149902,3.594491,0.105692,1.250927,3.594491,0.152122,0.164247,0.002456,-0.107267,-0.203267
0.114429,0.033485,15.850524,1.738779,0.077765,0.625748,1.738779,0.002655,0.003884,0.017373,0.010819,-0.731167
cuboid > 29
0.000238,0.003420,32251.539062,0.783594,0.015236,0.229633,0.783594,0.030561,0.031582,0.000035,-0.030142,0.000000
0.001007,0.013778,11869.507812,1.294263,0.031658,0.411991,1.294263,0.054941,0.056789,0.000146,-0.052501,0.000000
0.003739,0.002644,7.509208,0.129196,0.008133,0.054686,0.129196,0.004328,0.004494,0.000510,-0.003599,-0.018094
0.006978,0.119642,5034.308594,3.579649,0.090805,1.138489,3.579649,0.120053,0.125576,0.001457,-0.097257,-0.709140
0.060917,0.184088,1601.262085,8.608373,0.239060,2.789984,8.608373,0.191361,0.199990,0.010086,-0.145388,-1.290629
cuboid > 30
0.000899,0.016475,11187.812500,1.121938,0.031052,0.367938,1.121938,0.052959,0.054248,0.000142,-0.049756,0.000000
0.053084,0.165300,1667.384155,7.830582,0.216521,2.531108,7.830582,0.176086,0.183794,0.008480,-0.138980,-0.711063
0.005951,0.053876,5090.106934,2.995671,0.078473,0.950826,2.995671,0.101691,0.104732,0.001019,-0.089526,-0.057981
0.012333,0.007116,10.387229,0.326712,0.018317,0.132391,0.326712,0.006651,0.007030,0.001761,-0.004508,-0.079108
0.000241,0.005844,27417.876953,0.725027,0.015281,0.212175,0.725027,0.028178,0.028287,0.000030,-0.028178,0.000000
cuboid > 31
0.004767,0.039789,5675.421387,2.846420,0.069660,0.902034,2.846420,0.095784,0.100680,0.000830,-0.085045,-0.117415
0.001066,0.042357,11606.933594,1.202925,0.032488,0.399022,1.202925,0.056803,0.058627,0.000233,-0.050629,-0.033140
0.020363,0.010055,12.178461,0.460609,0.025027,0.180687,0.460609,0.007016,0.007472,0.002841,-0.004349,-0.084036
0.057740,0.174893,1791.223999,8.853008,0.241124,2.880406,8.853008,0.199773,0.211084,0.010478,-0.148258,-1.776866
0.000291,0.013327,28595.140625,0.861768,0.017352,0.258731,0.861768,0.035915,0.037425,0.000054,-0.034314,0.000000
cuboid > 32
0.000258,0.002848,28434.199219,0.768760,0.016408,0.230143,0.768760,0.031175,0.031919,0.000038,-0.030668,0.000000
0.000906,0.020125,12040.083984,1.173638,0.029238,0.373040,1.173638,0.049136,0.050435,0.000147,-0.046445,-0.048901
0.029645,0.012959,16.267723,0.585382,0.031734,0.229038,0.585382,0.007968,0.008569,0.004236,-0.004135,-0.126657
0.003576,0.049178,5517.297852,2.109351,0.054818,0.666880,2.109351,0.072763,0.074218,0.000487,-0.068040,-0.247293
0.039005,0.100509,1950.835571,6.732374,0.184009,2.192491,6.732374,0.160907,0.169100,0.007354,-0.126199,-0.509933
cuboid > 33
0.000256,0.012255,27445.535156,0.784242,0.015949,0.234682,0.784242,0.032598,0.033604,0.000034,-0.032415,0.000000
0.001048,0.025875,11630.971680,1.213092,0.032078,0.396901,1.213092,0.055040,0.056683,0.000196,-0.050102,-0.057110
0.030351,0.013069,17.510841,0.600128,0.034744,0.243703,0.600128,0.008905,0.009491,0.004376,-0.004752,-0.177143
0.005234,0.065080,5503.188965,2.864799,0.076739,0.943693,2.864799,0.109678,0.114939,0.001021,-0.092404,-0.167808
0.042250,0.159033,2021.327515,7.474055,0.204753,2.431304,7.474055,0.185888,0.196168,0.007576,-0.141678,-0.866414
cuboid > 34
0.000844,0.021583,12297.112305,1.142443,0.028849,0.377684,1.142443,0.053330,0.056242,0.000133,-0.050832,0.000000
0.000214,0.019565,32281.998047,0.696495,0.013032,0.208934,0.696495,0.029142,0.030616,0.000031,-0.029142,0.000000
0.066498,0.189551,1680.998779,9.382154,0.259868,3.063228,9.382154,0.208750,0.220172,0.012052,-0.151214,-0.895942
0.005496,0.081520,5268.998047,3.044446,0.078653,1.001912,3.044446,0.117200,0.124691,0.000995,-0.101237,-0.075185
0.024355,0.016019,17.475042,0.693562,0.034931,0.265142,0.693562,0.011493,0.012237,0.003600,-0.006718,-0.220279
cuboid > 35
0.000259,0.001143,27429.765625,0.797253,0.016578,0.233359,0.797253,0.030927,0.031268,0.000034,-0.030699,0.000000
0.001185,0.007512,11186.618164,1.365316,0.034719,0.430450,1.365316,0.055748,0.056811,0.000194,-0.051725,0.000000
0.026414,0.013360,13.985739,0.632419,0.033515,0.242900,0.632419,0.009053,0.009580,0.003844,-0.004934,-0.209094
0.006735,0.126963,5057.533691,3.429485,0.092351,1.142600,3.429485,0.134312,0.143542,0.001385,-0.108603,-0.631509
0.074305,0.202188,1624.740845,10.201292,0.292209,3.367573,10.201292,0.235018,0.247341,0.015202,-0.156115,-1.097225
